0 0 60
1 0 240
2 0 75
3 0 4
4 0 231
5 0 198
6 0 128
7 0 127
8 0 109
9 0 147
10 0 68
11 0 249
12 0 238
13 0 129
14 0 97
15 0 36
16 0 39
17 0 238
18 0 24
19 0 80
20 0 243
21 0 212
22 0 192
23 0 132
24 0 18
25 0 136
26 0 176
27 0 205
28 0 42
29 0 168
30 0 95
31 0 214
32 0 11
33 0 78
34 0 202
35 0 185
36 0 55
37 0 138
38 0 22
39 0 21
40 0 162
41 0 16
42 0 119
43 0 97
44 0 182
45 0 45
46 0 80
47 0 127
48 0 154
49 0 0
50 0 156
51 0 148
52 0 180
53 0 230
54 0 140
55 0 24
56 0 109
57 0 54
58 0 113
59 0 41
60 0 52
61 0 47
62 0 221
63 0 37
64 0 197
65 0 46
66 0 5
67 0 119
68 0 171
69 0 36
70 0 106
71 0 177
72 0 3
73 0 72
74 0 185
75 0 220
76 0 132
77 0 9
78 0 239
79 0 11
80 0 188
81 0 71
82 0 192
83 0 55
84 0 156
85 0 194
86 0 58
87 0 70
88 0 55
89 0 211
90 0 166
91 0 109
92 0 199
93 0 90
94 0 175
95 0 184
96 0 241
97 0 247
98 0 198
99 0 231

0 1 74
1 1 125
2 1 196
3 1 124
4 1 25
5 1 163
6 1 209
7 1 18
8 1 95
9 1 253
10 1 133
11 1 240
12 1 20
13 1 43
14 1 78
15 1 222
16 1 180
17 1 81
18 1 18
19 1 56
20 1 250
21 1 199
22 1 21
23 1 64
24 1 235
25 1 17
26 1 28
27 1 184
28 1 23
29 1 17
30 1 211
31 1 177
32 1 28
33 1 123
34 1 108
35 1 158
36 1 107
37 1 138
38 1 137
39 1 172
40 1 79
41 1 241
42 1 92
43 1 86
44 1 43
45 1 21
46 1 12
47 1 51
48 1 3
49 1 121
50 1 91
51 1 19
52 1 61
53 1 121
54 1 135
55 1 75
56 1 169
57 1 60
58 1 109
59 1 77
60 1 192
61 1 228
62 1 244
63 1 124
64 1 41
65 1 7
66 1 169
67 1 62
68 1 130
69 1 99
70 1 167
71 1 82
72 1 92
73 1 205
74 1 186
75 1 100
76 1 135
77 1 107
78 1 196
79 1 222
80 1 145
81 1 35
82 1 95
83 1 2
84 1 137
85 1 83
86 1 195
87 1 54
88 1 8
89 1 195
90 1 235
91 1 158
92 1 115
93 1 216
94 1 243
95 1 240
96 1 122
97 1 10
98 1 197
99 1 132

0 2 228
1 2 151
2 2 244
3 2 171
4 2 143
5 2 121
6 2 232
7 2 66
8 2 178
9 2 150
10 2 60
11 2 135
12 2 102
13 2 56
14 2 100
15 2 43
16 2 101
17 2 188
18 2 147
19 2 168
20 2 17
21 2 142
22 2 219
23 2 212
24 2 184
25 2 85
26 2 151
27 2 182
28 2 22
29 2 106
30 2 6
31 2 153
32 2 27
33 2 143
34 2 56
35 2 96
36 2 239
37 2 222
38 2 46
39 2 25
40 2 52
41 2 255
42 2 61
43 2 213
44 2 139
45 2 158
46 2 179
47 2 182
48 2 89
49 2 28
50 2 189
51 2 73
52 2 203
53 2 133
54 2 136
55 2 22
56 2 23
57 2 195
58 2 167
59 2 118
60 2 5
61 2 17
62 2 181
63 2 165
64 2 175
65 2 178
66 2 59
67 2 24
68 2 132
69 2 226
70 2 211
71 2 17
72 2 147
73 2 13
74 2 142
75 2 112
76 2 7
77 2 63
78 2 148
79 2 204
80 2 237
81 2 220
82 2 10
83 2 194
84 2 62
85 2 145
86 2 57
87 2 141
88 2 25
89 2 138
90 2 236
91 2 215
92 2 80
93 2 229
94 2 25
95 2 207
96 2 38
97 2 103
98 2 196
99 2 124

0 3 87
1 3 110
2 3 33
3 3 81
4 3 89
5 3 39
6 3 249
7 3 1
8 3 226
9 3 1
10 3 78
11 3 149
12 3 170
13 3 98
14 3 66
15 3 187
16 3 114
17 3 152
18 3 53
19 3 97
20 3 69
21 3 18
22 3 46
23 3 130
24 3 254
25 3 208
26 3 124
27 3 64
28 3 10
29 3 24
30 3 157
31 3 52
32 3 111
33 3 107
34 3 94
35 3 2
36 3 13
37 3 183
38 3 68
39 3 48
40 3 36
41 3 206
42 3 43
43 3 56
44 3 23
45 3 23
46 3 45
47 3 219
48 3 112
49 3 131
50 3 197
51 3 185
52 3 35
53 3 195
54 3 52
55 3 31
56 3 23
57 3 185
58 3 36
59 3 32
60 3 226
61 3 44
62 3 140
63 3 231
64 3 213
65 3 191
66 3 211
67 3 75
68 3 56
69 3 36
70 3 56
71 3 164
72 3 214
73 3 141
74 3 113
75 3 221
76 3 189
77 3 99
78 3 146
79 3 203
80 3 63
81 3 59
82 3 49
83 3 189
84 3 60
85 3 6
86 3 200
87 3 85
88 3 164
89 3 135
90 3 90
91 3 150
92 3 55
93 3 11
94 3 90
95 3 61
96 3 143
97 3 84
98 3 200
99 3 85

0 4 97
1 4 214
2 4 157
3 4 6
4 4 0
5 4 38
6 4 105
7 4 174
8 4 34
9 4 175
10 4 59
11 4 51
12 4 231
13 4 167
14 4 193
15 4 151
16 4 23
17 4 65
18 4 176
19 4 204
20 4 171
21 4 36
22 4 102
23 4 202
24 4 144
25 4 29
26 4 207
27 4 224
28 4 167
29 4 16
30 4 133
31 4 71
32 4 16
33 4 53
34 4 59
35 4 253
36 4 168
37 4 128
38 4 91
39 4 208
40 4 208
41 4 97
42 4 238
43 4 185
44 4 113
45 4 174
46 4 189
47 4 108
48 4 61
49 4 222
50 4 181
51 4 45
52 4 55
53 4 119
54 4 144
55 4 229
56 4 117
57 4 201
58 4 178
59 4 117
60 4 36
61 4 221
62 4 81
63 4 74
64 4 206
65 4 169
66 4 217
67 4 50
68 4 216
69 4 133
70 4 143
71 4 110
72 4 79
73 4 227
74 4 116
75 4 8
76 4 228
77 4 58
78 4 108
79 4 103
80 4 52
81 4 67
82 4 159
83 4 32
84 4 77
85 4 104
86 4 32
87 4 15
88 4 110
89 4 122
90 4 205
91 4 167
92 4 15
93 4 162
94 4 118
95 4 134
96 4 33
97 4 154
98 4 65
99 4 76

0 5 151
1 5 28
2 5 76
3 5 174
4 5 37
5 5 155
6 5 149
7 5 198
8 5 72
9 5 50
10 5 23
11 5 173
12 5 134
13 5 218
14 5 54
15 5 76
16 5 247
17 5 223
18 5 93
19 5 111
20 5 4
21 5 149
22 5 230
23 5 27
24 5 111
25 5 71
26 5 58
27 5 34
28 5 148
29 5 112
30 5 57
31 5 244
32 5 238
33 5 45
34 5 220
35 5 184
36 5 220
37 5 243
38 5 24
39 5 156
40 5 165
41 5 125
42 5 6
43 5 105
44 5 186
45 5 9
46 5 66
47 5 90
48 5 60
49 5 196
50 5 145
51 5 46
52 5 190
53 5 131
54 5 198
55 5 124
56 5 76
57 5 179
58 5 230
59 5 71
60 5 172
61 5 147
62 5 138
63 5 210
64 5 227
65 5 161
66 5 133
67 5 181
68 5 252
69 5 81
70 5 199
71 5 49
72 5 4
73 5 5
74 5 129
75 5 193
76 5 89
77 5 58
78 5 138
79 5 241
80 5 37
81 5 255
82 5 2
83 5 115
84 5 37
85 5 172
86 5 53
87 5 112
88 5 175
89 5 208
90 5 193
91 5 28
92 5 243
93 5 107
94 5 252
95 5 141
96 5 129
97 5 94
98 5 144
99 5 205

0 6 11
1 6 31
2 6 104
3 6 46
4 6 108
5 6 177
6 6 208
7 6 221
8 6 234
9 6 212
10 6 215
11 6 186
12 6 184
13 6 121
14 6 248
15 6 103
16 6 191
17 6 120
18 6 250
19 6 159
20 6 159
21 6 133
22 6 21
23 6 202
24 6 240
25 6 97
26 6 86
27 6 206
28 6 205
29 6 77
30 6 69
31 6 39
32 6 147
33 6 196
34 6 196
35 6 58
36 6 230
37 6 105
38 6 58
39 6 230
40 6 245
41 6 63
42 6 241
43 6 93
44 6 255
45 6 24
46 6 189
47 6 50
48 6 23
49 6 80
50 6 223
51 6 179
52 6 36
53 6 186
54 6 40
55 6 120
56 6 43
57 6 219
58 6 98
59 6 60
60 6 209
61 6 86
62 6 235
63 6 236
64 6 27
65 6 168
66 6 163
67 6 254
68 6 121
69 6 21
70 6 8
71 6 4
72 6 3
73 6 226
74 6 160
75 6 129
76 6 2
77 6 197
78 6 152
79 6 251
80 6 178
81 6 154
82 6 170
83 6 81
84 6 70
85 6 87
86 6 68
87 6 79
88 6 45
89 6 66
90 6 230
91 6 128
92 6 148
93 6 98
94 6 203
95 6 67
96 6 44
97 6 51
98 6 205
99 6 33

0 7 45
1 7 158
2 7 131
3 7 94
4 7 155
5 7 39
6 7 172
7 7 206
8 7 200
9 7 105
10 7 208
11 7 234
12 7 26
13 7 191
14 7 36
15 7 35
16 7 14
17 7 69
18 7 175
19 7 119
20 7 125
21 7 255
22 7 171
23 7 65
24 7 30
25 7 87
26 7 46
27 7 85
28 7 77
29 7 205
30 7 9
31 7 76
32 7 10
33 7 234
34 7 240
35 7 29
36 7 69
37 7 117
38 7 220
39 7 238
40 7 89
41 7 234
42 7 174
43 7 41
44 7 214
45 7 40
46 7 21
47 7 209
48 7 131
49 7 106
50 7 177
51 7 23
52 7 163
53 7 120
54 7 121
55 7 40
56 7 120
57 7 31
58 7 90
59 7 74
60 7 6
61 7 222
62 7 32
63 7 39
64 7 25
65 7 226
66 7 154
67 7 104
68 7 137
69 7 53
70 7 249
71 7 134
72 7 189
73 7 50
74 7 122
75 7 221
76 7 110
77 7 60
78 7 69
79 7 3
80 7 173
81 7 175
82 7 148
83 7 87
84 7 40
85 7 23
86 7 23
87 7 221
88 7 169
89 7 160
90 7 152
91 7 73
92 7 223
93 7 206
94 7 219
95 7 89
96 7 97
97 7 110
98 7 200
99 7 104

0 8 240
1 8 205
2 8 203
3 8 65
4 8 252
5 8 39
6 8 124
7 8 49
8 8 106
9 8 98
10 8 123
11 8 96
12 8 149
13 8 252
14 8 158
15 8 96
16 8 147
17 8 67
18 8 79
19 8 7
20 8 185
21 8 196
22 8 47
23 8 122
24 8 97
25 8 5
26 8 0
27 8 139
28 8 234
29 8 119
30 8 193
31 8 69
32 8 1
33 8 166
34 8 26
35 8 196
36 8 31
37 8 179
38 8 251
39 8 75
40 8 83
41 8 4
42 8 129
43 8 144
44 8 66
45 8 58
46 8 25
47 8 90
48 8 108
49 8 99
50 8 231
51 8 78
52 8 177
53 8 113
54 8 105
55 8 6
56 8 19
57 8 236
58 8 87
59 8 100
60 8 189
61 8 227
62 8 206
63 8 38
64 8 69
65 8 40
66 8 174
67 8 186
68 8 46
69 8 189
70 8 65
71 8 83
72 8 177
73 8 137
74 8 29
75 8 60
76 8 188
77 8 79
78 8 75
79 8 109
80 8 60
81 8 225
82 8 168
83 8 92
84 8 152
85 8 145
86 8 140
87 8 21
88 8 125
89 8 233
90 8 170
91 8 141
92 8 225
93 8 156
94 8 55
95 8 51
96 8 66
97 8 187
98 8 79
99 8 201

0 9 47
1 9 44
2 9 148
3 9 114
4 9 10
5 9 89
6 9 24
7 9 12
8 9 12
9 9 37
10 9 125
11 9 191
12 9 137
13 9 36
14 9 90
15 9 214
16 9 118
17 9 11
18 9 225
19 9 206
20 9 40
21 9 101
22 9 191
23 9 173
24 9 94
25 9 136
26 9 68
27 9 150
28 9 130
29 9 200
30 9 196
31 9 153
32 9 44
33 9 234
34 9 61
35 9 207
36 9 232
37 9 220
38 9 57
39 9 167
40 9 57
41 9 163
42 9 246
43 9 123
44 9 222
45 9 148
46 9 197
47 9 103
48 9 83
49 9 199
50 9 176
51 9 90
52 9 155
53 9 201
54 9 95
55 9 109
56 9 61
57 9 145
58 9 61
59 9 116
60 9 141
61 9 181
62 9 214
63 9 211
64 9 44
65 9 222
66 9 131
67 9 148
68 9 210
69 9 122
70 9 74
71 9 182
72 9 75
73 9 176
74 9 0
75 9 199
76 9 192
77 9 153
78 9 176
79 9 181
80 9 56
81 9 173
82 9 65
83 9 225
84 9 94
85 9 123
86 9 82
87 9 117
88 9 133
89 9 158
90 9 105
91 9 248
92 9 233
93 9 236
94 9 77
95 9 31
96 9 56
97 9 240
98 9 176
99 9 230

0 10 81
1 10 155
2 10 17
3 10 224
4 10 75
5 10 54
6 10 225
7 10 203
8 10 185
9 10 155
10 10 229
11 10 104
12 10 44
13 10 165
14 10 219
15 10 138
16 10 250
17 10 229
18 10 96
19 10 108
20 10 62
21 10 150
22 10 17
23 10 71
24 10 32
25 10 211
26 10 241
27 10 36
28 10 87
29 10 8
30 10 11
31 10 239
32 10 236
33 10 167
34 10 88
35 10 206
36 10 64
37 10 28
38 10 226
39 10 177
40 10 80
41 10 2
42 10 42
43 10 41
44 10 56
45 10 151
46 10 199
47 10 125
48 10 246
49 10 109
50 10 81
51 10 251
52 10 113
53 10 99
54 10 125
55 10 140
56 10 186
57 10 212
58 10 137
59 10 139
60 10 145
61 10 14
62 10 219
63 10 215
64 10 43
65 10 6
66 10 229
67 10 39
68 10 50
69 10 74
70 10 75
71 10 158
72 10 14
73 10 54
74 10 72
75 10 160
76 10 99
77 10 107
78 10 78
79 10 227
80 10 218
81 10 125
82 10 236
83 10 201
84 10 37
85 10 236
86 10 245
87 10 237
88 10 61
89 10 86
90 10 223
91 10 251
92 10 238
93 10 234
94 10 105
95 10 198
96 10 150
97 10 32
98 10 128
99 10 148

0 11 42
1 11 167
2 11 100
3 11 188
4 11 121
5 11 159
6 11 7
7 11 116
8 11 181
9 11 9
10 11 182
11 11 228
12 11 47
13 11 124
14 11 250
15 11 127
16 11 98
17 11 25
18 11 193
19 11 146
20 11 51
21 11 193
22 11 185
23 11 29
24 11 119
25 11 133
26 11 253
27 11 227
28 11 182
29 11 93
30 11 243
31 11 189
32 11 46
33 11 29
34 11 116
35 11 51
36 11 27
37 11 166
38 11 46
39 11 77
40 11 54
41 11 89
42 11 71
43 11 167
44 11 124
45 11 210
46 11 67
47 11 196
48 11 48
49 11 210
50 11 40
51 11 164
52 11 35
53 11 124
54 11 224
55 11 153
56 11 51
57 11 197
58 11 222
59 11 86
60 11 18
61 11 38
62 11 5
63 11 73
64 11 73
65 11 147
66 11 197
67 11 43
68 11 124
69 11 177
70 11 135
71 11 213
72 11 239
73 11 68
74 11 75
75 11 85
76 11 73
77 11 230
78 11 143
79 11 65
80 11 152
81 11 255
82 11 115
83 11 75
84 11 150
85 11 241
86 11 28
87 11 22
88 11 43
89 11 147
90 11 86
91 11 72
92 11 50
93 11 225
94 11 125
95 11 225
96 11 128
97 11 242
98 11 157
99 11 203

0 12 34
1 12 42
2 12 216
3 12 177
4 12 231
5 12 176
6 12 8
7 12 21
8 12 31
9 12 34
10 12 166
11 12 157
12 12 161
13 12 136
14 12 235
15 12 174
16 12 19
17 12 135
18 12 52
19 12 60
20 12 101
21 12 216
22 12 171
23 12 225
24 12 159
25 12 248
26 12 36
27 12 44
28 12 221
29 12 32
30 12 69
31 12 59
32 12 151
33 12 119
34 12 234
35 12 140
36 12 38
37 12 135
38 12 199
39 12 16
40 12 132
41 12 237
42 12 80
43 12 129
44 12 84
45 12 85
46 12 213
47 12 246
48 12 34
49 12 166
50 12 242
51 12 181
52 12 235
53 12 122
54 12 38
55 12 72
56 12 224
57 12 209
58 12 194
59 12 211
60 12 103
61 12 6
62 12 5
63 12 164
64 12 99
65 12 2
66 12 133
67 12 12
68 12 181
69 12 175
70 12 208
71 12 109
72 12 3
73 12 175
74 12 84
75 12 149
76 12 183
77 12 79
78 12 124
79 12 74
80 12 75
81 12 182
82 12 28
83 12 38
84 12 197
85 12 99
86 12 15
87 12 166
88 12 125
89 12 214
90 12 31
91 12 125
92 12 38
93 12 140
94 12 36
95 12 46
96 12 12
97 12 49
98 12 112
99 12 217

0 13 155
1 13 18
2 13 107
3 13 85
4 13 33
5 13 209
6 13 123
7 13 128
8 13 213
9 13 92
10 13 39
11 13 211
12 13 23
13 13 31
14 13 123
15 13 58
16 13 249
17 13 121
18 13 174
19 13 34
20 13 255
21 13 109
22 13 2
23 13 211
24 13 35
25 13 155
26 13 236
27 13 0
28 13 28
29 13 110
30 13 117
31 13 156
32 13 224
33 13 150
34 13 224
35 13 240
36 13 104
37 13 185
38 13 141
39 13 235
40 13 179
41 13 101
42 13 29
43 13 185
44 13 13
45 13 74
46 13 215
47 13 151
48 13 145
49 13 166
50 13 74
51 13 229
52 13 237
53 13 0
54 13 52
55 13 124
56 13 101
57 13 25
58 13 163
59 13 67
60 13 27
61 13 32
62 13 90
63 13 253
64 13 141
65 13 37
66 13 118
67 13 101
68 13 95
69 13 208
70 13 82
71 13 125
72 13 91
73 13 83
74 13 167
75 13 35
76 13 182
77 13 157
78 13 248
79 13 229
80 13 148
81 13 208
82 13 45
83 13 22
84 13 207
85 13 246
86 13 126
87 13 33
88 13 244
89 13 240
90 13 146
91 13 30
92 13 143
93 13 174
94 13 232
95 13 163
96 13 169
97 13 166
98 13 119
99 13 221

0 14 142
1 14 126
2 14 145
3 14 223
4 14 212
5 14 12
6 14 13
7 14 57
8 14 152
9 14 129
10 14 165
11 14 205
12 14 11
13 14 225
14 14 157
15 14 222
16 14 46
17 14 183
18 14 166
19 14 106
20 14 217
21 14 6
22 14 1
23 14 186
24 14 2
25 14 130
26 14 231
27 14 55
28 14 60
29 14 0
30 14 41
31 14 127
32 14 126
33 14 44
34 14 20
35 14 184
36 14 38
37 14 122
38 14 151
39 14 37
40 14 61
41 14 95
42 14 168
43 14 246
44 14 253
45 14 192
46 14 227
47 14 101
48 14 144
49 14 171
50 14 116
51 14 254
52 14 27
53 14 69
54 14 56
55 14 62
56 14 251
57 14 3
58 14 31
59 14 96
60 14 79
61 14 29
62 14 213
63 14 116
64 14 182
65 14 64
66 14 161
67 14 177
68 14 90
69 14 132
70 14 141
71 14 12
72 14 45
73 14 157
74 14 199
75 14 10
76 14 114
77 14 85
78 14 71
79 14 210
80 14 128
81 14 58
82 14 178
83 14 134
84 14 194
85 14 147
86 14 126
87 14 211
88 14 3
89 14 153
90 14 88
91 14 199
92 14 232
93 14 228
94 14 194
95 14 227
96 14 190
97 14 36
98 14 1
99 14 114

0 15 118
1 15 17
2 15 54
3 15 25
4 15 238
5 15 165
6 15 203
7 15 174
8 15 115
9 15 136
10 15 16
11 15 77
12 15 131
13 15 204
14 15 38
15 15 169
16 15 215
17 15 218
18 15 29
19 15 161
20 15 161
21 15 172
22 15 89
23 15 20
24 15 18
25 15 61
26 15 58
27 15 245
28 15 31
29 15 62
30 15 252
31 15 162
32 15 133
33 15 11
34 15 219
35 15 113
36 15 10
37 15 221
38 15 123
39 15 140
40 15 6
41 15 65
42 15 136
43 15 0
44 15 35
45 15 201
46 15 153
47 15 16
48 15 97
49 15 1
50 15 91
51 15 207
52 15 93
53 15 164
54 15 235
55 15 238
56 15 210
57 15 16
58 15 131
59 15 210
60 15 96
61 15 248
62 15 89
63 15 233
64 15 140
65 15 89
66 15 196
67 15 63
68 15 9
69 15 175
70 15 161
71 15 76
72 15 54
73 15 104
74 15 245
75 15 17
76 15 231
77 15 153
78 15 212
79 15 99
80 15 104
81 15 240
82 15 129
83 15 134
84 15 191
85 15 234
86 15 214
87 15 253
88 15 50
89 15 69
90 15 230
91 15 161
92 15 9
93 15 185
94 15 226
95 15 241
96 15 149
97 15 227
98 15 57
99 15 169

0 16 113
1 16 130
2 16 3
3 16 150
4 16 8
5 16 229
6 16 160
7 16 168
8 16 87
9 16 164
10 16 156
11 16 73
12 16 245
13 16 143
14 16 214
15 16 237
16 16 80
17 16 228
18 16 226
19 16 234
20 16 57
21 16 197
22 16 171
23 16 139
24 16 163
25 16 232
26 16 93
27 16 95
28 16 167
29 16 145
30 16 130
31 16 215
32 16 204
33 16 189
34 16 107
35 16 16
36 16 134
37 16 160
38 16 209
39 16 238
40 16 252
41 16 82
42 16 188
43 16 106
44 16 14
45 16 198
46 16 164
47 16 45
48 16 151
49 16 251
50 16 214
51 16 93
52 16 239
53 16 118
54 16 26
55 16 183
56 16 181
57 16 239
58 16 147
59 16 222
60 16 203
61 16 75
62 16 230
63 16 242
64 16 161
65 16 202
66 16 159
67 16 101
68 16 183
69 16 130
70 16 208
71 16 10
72 16 93
73 16 12
74 16 250
75 16 111
76 16 190
77 16 125
78 16 49
79 16 109
80 16 28
81 16 151
82 16 124
83 16 253
84 16 93
85 16 65
86 16 123
87 16 77
88 16 199
89 16 53
90 16 76
91 16 20
92 16 8
93 16 249
94 16 174
95 16 34
96 16 121
97 16 16
98 16 103
99 16 59

0 17 163
1 17 113
2 17 228
3 17 37
4 17 3
5 17 56
6 17 32
7 17 0
8 17 10
9 17 156
10 17 199
11 17 214
12 17 104
13 17 33
14 17 154
15 17 115
16 17 138
17 17 14
18 17 21
19 17 119
20 17 97
21 17 34
22 17 79
23 17 169
24 17 102
25 17 131
26 17 35
27 17 142
28 17 219
29 17 247
30 17 141
31 17 59
32 17 83
33 17 86
34 17 86
35 17 103
36 17 116
37 17 64
38 17 244
39 17 196
40 17 252
41 17 11
42 17 172
43 17 144
44 17 2
45 17 255
46 17 249
47 17 102
48 17 127
49 17 198
50 17 49
51 17 91
52 17 12
53 17 30
54 17 102
55 17 70
56 17 237
57 17 209
58 17 138
59 17 95
60 17 79
61 17 231
62 17 215
63 17 12
64 17 206
65 17 26
66 17 110
67 17 247
68 17 58
69 17 138
70 17 63
71 17 100
72 17 155
73 17 178
74 17 40
75 17 194
76 17 114
77 17 155
78 17 97
79 17 127
80 17 66
81 17 79
82 17 23
83 17 33
84 17 79
85 17 145
86 17 87
87 17 147
88 17 166
89 17 203
90 17 46
91 17 188
92 17 93
93 17 72
94 17 15
95 17 86
96 17 28
97 17 163
98 17 116
99 17 254

0 18 221
1 18 128
2 18 200
3 18 135
4 18 239
5 18 121
6 18 133
7 18 148
8 18 65
9 18 92
10 18 154
11 18 102
12 18 221
13 18 147
14 18 15
15 18 242
16 18 179
17 18 227
18 18 235
19 18 55
20 18 152
21 18 90
22 18 86
23 18 206
24 18 142
25 18 130
26 18 251
27 18 195
28 18 70
29 18 219
30 18 176
31 18 163
32 18 227
33 18 136
34 18 89
35 18 214
36 18 1
37 18 73
38 18 9
39 18 47
40 18 246
41 18 169
42 18 107
43 18 194
44 18 87
45 18 121
46 18 97
47 18 246
48 18 191
49 18 124
50 18 234
51 18 219
52 18 203
53 18 100
54 18 73
55 18 189
56 18 105
57 18 253
58 18 100
59 18 249
60 18 83
61 18 169
62 18 106
63 18 15
64 18 214
65 18 12
66 18 184
67 18 249
68 18 216
69 18 8
70 18 254
71 18 187
72 18 25
73 18 236
74 18 157
75 18 60
76 18 185
77 18 232
78 18 84
79 18 84
80 18 251
81 18 197
82 18 28
83 18 38
84 18 72
85 18 210
86 18 80
87 18 176
88 18 119
89 18 34
90 18 17
91 18 160
92 18 75
93 18 244
94 18 233
95 18 105
96 18 61
97 18 115
98 18 174
99 18 151

0 19 124
1 19 160
2 19 170
3 19 95
4 19 51
5 19 140
6 19 248
7 19 123
8 19 10
9 19 202
10 19 49
11 19 53
12 19 239
13 19 36
14 19 73
15 19 193
16 19 22
17 19 141
18 19 179
19 19 207
20 19 62
21 19 87
22 19 204
23 19 97
24 19 55
25 19 166
26 19 118
27 19 218
28 19 161
29 19 37
30 19 3
31 19 88
32 19 246
33 19 247
34 19 86
35 19 68
36 19 203
37 19 241
38 19 68
39 19 40
40 19 82
41 19 6
42 19 64
43 19 192
44 19 36
45 19 2
46 19 56
47 19 83
48 19 61
49 19 124
50 19 186
51 19 67
52 19 72
53 19 5
54 19 91
55 19 228
56 19 30
57 19 166
58 19 89
59 19 138
60 19 137
61 19 138
62 19 127
63 19 230
64 19 77
65 19 247
66 19 73
67 19 146
68 19 105
69 19 131
70 19 73
71 19 234
72 19 154
73 19 132
74 19 201
75 19 30
76 19 33
77 19 200
78 19 178
79 19 133
80 19 198
81 19 134
82 19 173
83 19 52
84 19 29
85 19 149
86 19 135
87 19 208
88 19 8
89 19 220
90 19 218
91 19 160
92 19 125
93 19 10
94 19 234
95 19 230
96 19 137
97 19 135
98 19 205
99 19 112

0 20 149
1 20 170
2 20 207
3 20 106
4 20 233
5 20 44
6 20 20
7 20 118
8 20 110
9 20 220
10 20 127
11 20 255
12 20 184
13 20 149
14 20 211
15 20 201
16 20 67
17 20 109
18 20 24
19 20 205
20 20 253
21 20 48
22 20 65
23 20 69
24 20 5
25 20 13
26 20 11
27 20 3
28 20 179
29 20 142
30 20 40
31 20 6
32 20 216
33 20 206
34 20 157
35 20 79
36 20 71
37 20 230
38 20 105
39 20 241
40 20 148
41 20 168
42 20 103
43 20 104
44 20 27
45 20 144
46 20 117
47 20 43
48 20 68
49 20 247
50 20 214
51 20 133
52 20 6
53 20 138
54 20 213
55 20 160
56 20 170
57 20 251
58 20 171
59 20 227
60 20 210
61 20 246
62 20 163
63 20 125
64 20 185
65 20 87
66 20 124
67 20 66
68 20 188
69 20 154
70 20 15
71 20 183
72 20 26
73 20 146
74 20 50
75 20 104
76 20 248
77 20 94
78 20 219
79 20 130
80 20 168
81 20 154
82 20 137
83 20 157
84 20 42
85 20 210
86 20 223
87 20 218
88 20 243
89 20 60
90 20 146
91 20 46
92 20 238
93 20 166
94 20 134
95 20 253
96 20 193
97 20 173
98 20 52
99 20 235

0 21 81
1 21 48
2 21 79
3 21 239
4 21 136
5 21 4
6 21 167
7 21 169
8 21 86
9 21 233
10 21 77
11 21 245
12 21 245
13 21 189
14 21 248
15 21 192
16 21 114
17 21 240
18 21 167
19 21 26
20 21 105
21 21 56
22 21 136
23 21 141
24 21 16
25 21 134
26 21 25
27 21 173
28 21 118
29 21 56
30 21 141
31 21 241
32 21 13
33 21 144
34 21 113
35 21 193
36 21 103
37 21 101
38 21 143
39 21 208
40 21 61
41 21 24
42 21 19
43 21 172
44 21 181
45 21 202
46 21 236
47 21 148
48 21 228
49 21 204
50 21 117
51 21 137
52 21 146
53 21 87
54 21 85
55 21 167
56 21 62
57 21 126
58 21 164
59 21 182
60 21 98
61 21 96
62 21 79
63 21 253
64 21 249
65 21 162
66 21 189
67 21 86
68 21 61
69 21 29
70 21 178
71 21 136
72 21 181
73 21 211
74 21 116
75 21 208
76 21 111
77 21 40
78 21 45
79 21 193
80 21 139
81 21 79
82 21 145
83 21 79
84 21 249
85 21 2
86 21 192
87 21 38
88 21 130
89 21 118
90 21 110
91 21 64
92 21 13
93 21 142
94 21 65
95 21 182
96 21 27
97 21 79
98 21 122
99 21 214

0 22 149
1 22 148
2 22 216
3 22 119
4 22 199
5 22 2
6 22 185
7 22 137
8 22 172
9 22 63
10 22 131
11 22 240
12 22 108
13 22 95
14 22 66
15 22 147
16 22 35
17 22 159
18 22 147
19 22 175
20 22 228
21 22 86
22 22 192
23 22 114
24 22 254
25 22 40
26 22 44
27 22 197
28 22 125
29 22 125
30 22 242
31 22 105
32 22 244
33 22 49
34 22 201
35 22 69
36 22 122
37 22 142
38 22 43
39 22 254
40 22 243
41 22 119
42 22 182
43 22 201
44 22 145
45 22 229
46 22 210
47 22 125
48 22 154
49 22 152
50 22 148
51 22 237
52 22 107
53 22 6
54 22 226
55 22 116
56 22 189
57 22 152
58 22 216
59 22 209
60 22 39
61 22 21
62 22 107
63 22 53
64 22 228
65 22 94
66 22 76
67 22 155
68 22 215
69 22 93
70 22 15
71 22 88
72 22 204
73 22 56
74 22 141
75 22 243
76 22 1
77 22 202
78 22 135
79 22 54
80 22 229
81 22 83
82 22 140
83 22 133
84 22 31
85 22 110
86 22 28
87 22 111
88 22 210
89 22 68
90 22 13
91 22 131
92 22 31
93 22 0
94 22 46
95 22 101
96 22 236
97 22 131
98 22 43
99 22 33

0 23 228
1 23 88
2 23 176
3 23 190
4 23 191
5 23 234
6 23 209
7 23 23
8 23 196
9 23 244
10 23 170
11 23 230
12 23 140
13 23 58
14 23 66
15 23 34
16 23 8
17 23 119
18 23 182
19 23 139
20 23 198
21 23 150
22 23 147
23 23 131
24 23 111
25 23 36
26 23 131
27 23 31
28 23 149
29 23 6
30 23 44
31 23 126
32 23 171
33 23 103
34 23 85
35 23 89
36 23 85
37 23 245
38 23 74
39 23 220
40 23 227
41 23 77
42 23 130
43 23 180
44 23 23
45 23 179
46 23 128
47 23 106
48 23 47
49 23 7
50 23 247
51 23 239
52 23 31
53 23 244
54 23 49
55 23 120
56 23 31
57 23 107
58 23 177
59 23 139
60 23 101
61 23 80
62 23 24
63 23 90
64 23 52
65 23 115
66 23 69
67 23 81
68 23 21
69 23 193
70 23 192
71 23 235
72 23 101
73 23 188
74 23 89
75 23 201
76 23 15
77 23 40
78 23 12
79 23 5
80 23 155
81 23 7
82 23 40
83 23 196
84 23 104
85 23 200
86 23 177
87 23 10
88 23 53
89 23 188
90 23 2
91 23 211
92 23 230
93 23 201
94 23 182
95 23 95
96 23 133
97 23 98
98 23 201
99 23 205

0 24 136
1 24 182
2 24 251
3 24 235
4 24 82
5 24 40
6 24 117
7 24 77
8 24 252
9 24 0
10 24 175
11 24 156
12 24 84
13 24 96
14 24 145
15 24 49
16 24 38
17 24 121
18 24 217
19 24 226
20 24 187
21 24 254
22 24 188
23 24 28
24 24 160
25 24 217
26 24 208
27 24 51
28 24 168
29 24 30
30 24 41
31 24 245
32 24 52
33 24 61
34 24 194
35 24 133
36 24 178
37 24 123
38 24 31
39 24 103
40 24 100
41 24 163
42 24 49
43 24 215
44 24 99
45 24 248
46 24 122
47 24 95
48 24 227
49 24 111
50 24 114
51 24 168
52 24 184
53 24 27
54 24 40
55 24 145
56 24 26
57 24 233
58 24 44
59 24 126
60 24 165
61 24 141
62 24 173
63 24 242
64 24 163
65 24 188
66 24 223
67 24 97
68 24 142
69 24 156
70 24 159
71 24 63
72 24 209
73 24 121
74 24 90
75 24 93
76 24 207
77 24 185
78 24 43
79 24 117
80 24 38
81 24 18
82 24 67
83 24 4
84 24 53
85 24 250
86 24 142
87 24 87
88 24 220
89 24 95
90 24 148
91 24 233
92 24 130
93 24 153
94 24 157
95 24 236
96 24 93
97 24 157
98 24 24
99 24 38

0 25 237
1 25 115
2 25 61
3 25 254
4 25 202
5 25 234
6 25 242
7 25 215
8 25 160
9 25 138
10 25 235
11 25 156
12 25 120
13 25 202
14 25 22
15 25 156
16 25 57
17 25 131
18 25 54
19 25 153
20 25 110
21 25 165
22 25 205
23 25 27
24 25 73
25 25 41
26 25 64
27 25 10
28 25 232
29 25 70
30 25 54
31 25 124
32 25 216
33 25 232
34 25 65
35 25 204
36 25 216
37 25 94
38 25 192
39 25 236
40 25 223
41 25 82
42 25 4
43 25 252
44 25 96
45 25 255
46 25 177
47 25 27
48 25 204
49 25 158
50 25 103
51 25 125
52 25 89
53 25 33
54 25 162
55 25 189
56 25 2
57 25 36
58 25 223
59 25 117
60 25 206
61 25 33
62 25 1
63 25 13
64 25 86
65 25 227
66 25 242
67 25 208
68 25 129
69 25 61
70 25 141
71 25 69
72 25 147
73 25 251
74 25 188
75 25 188
76 25 102
77 25 25
78 25 221
79 25 39
80 25 246
81 25 51
82 25 107
83 25 43
84 25 36
85 25 61
86 25 218
87 25 119
88 25 179
89 25 116
90 25 194
91 25 85
92 25 151
93 25 148
94 25 64
95 25 126
96 25 111
97 25 76
98 25 154
99 25 51

0 26 80
1 26 239
2 26 33
3 26 137
4 26 196
5 26 108
6 26 92
7 26 5
8 26 18
9 26 128
10 26 98
11 26 104
12 26 192
13 26 42
14 26 136
15 26 204
16 26 87
17 26 96
18 26 60
19 26 240
20 26 102
21 26 0
22 26 49
23 26 209
24 26 201
25 26 9
26 26 189
27 26 122
28 26 43
29 26 11
30 26 127
31 26 28
32 26 202
33 26 220
34 26 68
35 26 97
36 26 122
37 26 141
38 26 43
39 26 254
40 26 237
41 26 156
42 26 8
43 26 136
44 26 49
45 26 107
46 26 7
47 26 136
48 26 122
49 26 241
50 26 146
51 26 209
52 26 34
53 26 176
54 26 116
55 26 17
56 26 238
57 26 231
58 26 62
59 26 167
60 26 147
61 26 8
62 26 233
63 26 180
64 26 121
65 26 108
66 26 190
67 26 117
68 26 190
69 26 70
70 26 115
71 26 208
72 26 126
73 26 214
74 26 151
75 26 44
76 26 82
77 26 223
78 26 48
79 26 134
80 26 22
81 26 90
82 26 162
83 26 193
84 26 240
85 26 108
86 26 210
87 26 62
88 26 141
89 26 150
90 26 140
91 26 173
92 26 174
93 26 44
94 26 34
95 26 35
96 26 228
97 26 8
98 26 86
99 26 108

0 27 151
1 27 127
2 27 122
3 27 162
4 27 77
5 27 148
6 27 214
7 27 254
8 27 41
9 27 108
10 27 74
11 27 239
12 27 178
13 27 2
14 27 53
15 27 105
16 27 215
17 27 28
18 27 149
19 27 128
20 27 47
21 27 126
22 27 111
23 27 53
24 27 133
25 27 93
26 27 113
27 27 144
28 27 147
29 27 22
30 27 214
31 27 239
32 27 14
33 27 32
34 27 138
35 27 157
36 27 227
37 27 63
38 27 142
39 27 166
40 27 193
41 27 251
42 27 159
43 27 234
44 27 215
45 27 81
46 27 18
47 27 113
48 27 223
49 27 168
50 27 3
51 27 254
52 27 91
53 27 7
54 27 174
55 27 231
56 27 30
57 27 132
58 27 29
59 27 35
60 27 15
61 27 0
62 27 4
63 27 165
64 27 42
65 27 17
66 27 233
67 27 232
68 27 199
69 27 64
70 27 135
71 27 204
72 27 31
73 27 117
74 27 117
75 27 160
76 27 12
77 27 175
78 27 3
79 27 128
80 27 16
81 27 248
82 27 101
83 27 225
84 27 153
85 27 153
86 27 19
87 27 106
88 27 131
89 27 138
90 27 111
91 27 6
92 27 223
93 27 44
94 27 168
95 27 55
96 27 243
97 27 58
98 27 223
99 27 173

0 28 129
1 28 253
2 28 137
3 28 23
4 28 77
5 28 192
6 28 21
7 28 57
8 28 217
9 28 132
10 28 206
11 28 62
12 28 115
13 28 245
14 28 2
15 28 80
16 28 113
17 28 156
18 28 100
19 28 103
20 28 188
21 28 85
22 28 175
23 28 94
24 28 139
25 28 4
26 28 140
27 28 76
28 28 113
29 28 132
30 28 182
31 28 17
32 28 154
33 28 224
34 28 92
35 28 47
36 28 82
37 28 198
38 28 199
39 28 220
40 28 198
41 28 56
42 28 60
43 28 85
44 28 15
45 28 133
46 28 36
47 28 116
48 28 108
49 28 120
50 28 106
51 28 133
52 28 207
53 28 207
54 28 37
55 28 86
56 28 156
57 28 238
58 28 119
59 28 141
60 28 173
61 28 213
62 28 180
63 28 62
64 28 153
65 28 80
66 28 199
67 28 189
68 28 54
69 28 109
70 28 210
71 28 177
72 28 92
73 28 51
74 28 21
75 28 106
76 28 236
77 28 145
78 28 17
79 28 117
80 28 17
81 28 149
82 28 237
83 28 109
84 28 198
85 28 223
86 28 24
87 28 19
88 28 153
89 28 84
90 28 48
91 28 161
92 28 174
93 28 23
94 28 35
95 28 92
96 28 6
97 28 181
98 28 148
99 28 105

0 29 1
1 29 159
2 29 128
3 29 225
4 29 34
5 29 222
6 29 33
7 29 40
8 29 19
9 29 2
10 29 18
11 29 122
12 29 233
13 29 91
14 29 181
15 29 198
16 29 168
17 29 108
18 29 210
19 29 192
20 29 10
21 29 157
22 29 128
23 29 50
24 29 124
25 29 48
26 29 73
27 29 146
28 29 106
29 29 118
30 29 137
31 29 218
32 29 188
33 29 67
34 29 23
35 29 148
36 29 161
37 29 159
38 29 39
39 29 52
40 29 139
41 29 190
42 29 111
43 29 171
44 29 123
45 29 51
46 29 137
47 29 57
48 29 126
49 29 96
50 29 153
51 29 131
52 29 119
53 29 49
54 29 47
55 29 229
56 29 32
57 29 10
58 29 111
59 29 9
60 29 76
61 29 253
62 29 111
63 29 185
64 29 111
65 29 65
66 29 224
67 29 241
68 29 95
69 29 223
70 29 241
71 29 57
72 29 92
73 29 175
74 29 112
75 29 49
76 29 79
77 29 131
78 29 50
79 29 110
80 29 79
81 29 162
82 29 182
83 29 132
84 29 105
85 29 120
86 29 5
87 29 100
88 29 161
89 29 139
90 29 220
91 29 233
92 29 52
93 29 177
94 29 13
95 29 173
96 29 32
97 29 129
98 29 35
99 29 33

0 30 230
1 30 7
2 30 69
3 30 221
4 30 143
5 30 188
6 30 93
7 30 52
8 30 237
9 30 180
10 30 121
11 30 12
12 30 35
13 30 26
14 30 113
15 30 236
16 30 104
17 30 218
18 30 202
19 30 87
20 30 7
21 30 157
22 30 218
23 30 89
24 30 170
25 30 250
26 30 45
27 30 95
28 30 217
29 30 234
30 30 40
31 30 76
32 30 190
33 30 125
34 30 236
35 30 200
36 30 43
37 30 204
38 30 125
39 30 219
40 30 222
41 30 47
42 30 36
43 30 188
44 30 3
45 30 176
46 30 17
47 30 227
48 30 250
49 30 191
50 30 69
51 30 101
52 30 91
53 30 39
54 30 175
55 30 129
56 30 55
57 30 64
58 30 149
59 30 118
60 30 161
61 30 102
62 30 54
63 30 152
64 30 109
65 30 171
66 30 174
67 30 163
68 30 56
69 30 201
70 30 25
71 30 79
72 30 169
73 30 91
74 30 251
75 30 37
76 30 245
77 30 76
78 30 224
79 30 144
80 30 169
81 30 143
82 30 63
83 30 55
84 30 164
85 30 16
86 30 164
87 30 138
88 30 98
89 30 235
90 30 14
91 30 155
92 30 129
93 30 221
94 30 150
95 30 48
96 30 125
97 30 247
98 30 82
99 30 22

0 31 191
1 31 154
2 31 121
3 31 184
4 31 214
5 31 159
6 31 200
7 31 240
8 31 4
9 31 214
10 31 36
11 31 28
12 31 252
13 31 178
14 31 128
15 31 117
16 31 234
17 31 66
18 31 1
19 31 156
20 31 180
21 31 99
22 31 96
23 31 118
24 31 127
25 31 53
26 31 145
27 31 58
28 31 118
29 31 203
30 31 162
31 31 200
32 31 198
33 31 39
34 31 229
35 31 61
36 31 237
37 31 101
38 31 81
39 31 196
40 31 53
41 31 54
42 31 38
43 31 175
44 31 123
45 31 144
46 31 208
47 31 198
48 31 53
49 31 164
50 31 14
51 31 222
52 31 180
53 31 17
54 31 83
55 31 174
56 31 166
57 31 87
58 31 109
59 31 223
60 31 222
61 31 142
62 31 100
63 31 98
64 31 88
65 31 88
66 31 165
67 31 6
68 31 119
69 31 20
70 31 95
71 31 74
72 31 146
73 31 84
74 31 46
75 31 111
76 31 175
77 31 145
78 31 247
79 31 210
80 31 142
81 31 30
82 31 19
83 31 121
84 31 234
85 31 91
86 31 175
87 31 236
88 31 251
89 31 43
90 31 114
91 31 70
92 31 63
93 31 168
94 31 97
95 31 139
96 31 122
97 31 21
98 31 0
99 31 60

0 32 252
1 32 19
2 32 186
3 32 41
4 32 34
5 32 24
6 32 131
7 32 135
8 32 31
9 32 30
10 32 188
11 32 66
12 32 252
13 32 152
14 32 87
15 32 149
16 32 222
17 32 170
18 32 59
19 32 215
20 32 136
21 32 153
22 32 234
23 32 152
24 32 32
25 32 129
26 32 97
27 32 236
28 32 54
29 32 70
30 32 64
31 32 7
32 32 2
33 32 204
34 32 42
35 32 10
36 32 237
37 32 107
38 32 111
39 32 29
40 32 84
41 32 157
42 32 232
43 32 190
44 32 136
45 32 250
46 32 35
47 32 88
48 32 25
49 32 103
50 32 192
51 32 24
52 32 84
53 32 138
54 32 27
55 32 252
56 32 10
57 32 129
58 32 44
59 32 45
60 32 147
61 32 211
62 32 171
63 32 142
64 32 19
65 32 166
66 32 119
67 32 149
68 32 252
69 32 51
70 32 56
71 32 90
72 32 212
73 32 120
74 32 67
75 32 237
76 32 57
77 32 44
78 32 191
79 32 237
80 32 34
81 32 248
82 32 6
83 32 86
84 32 103
85 32 228
86 32 78
87 32 155
88 32 132
89 32 16
90 32 137
91 32 245
92 32 154
93 32 164
94 32 138
95 32 250
96 32 182
97 32 9
98 32 104
99 32 113

0 33 86
1 33 90
2 33 39
3 33 101
4 33 41
5 33 21
6 33 149
7 33 120
8 33 23
9 33 23
10 33 115
11 33 122
12 33 129
13 33 199
14 33 213
15 33 58
16 33 202
17 33 145
18 33 204
19 33 156
20 33 22
21 33 150
22 33 65
23 33 236
24 33 81
25 33 161
26 33 36
27 33 114
28 33 116
29 33 93
30 33 199
31 33 71
32 33 3
33 33 198
34 33 132
35 33 103
36 33 218
37 33 222
38 33 166
39 33 6
40 33 42
41 33 161
42 33 135
43 33 40
44 33 191
45 33 58
46 33 245
47 33 108
48 33 132
49 33 119
50 33 218
51 33 40
52 33 72
53 33 123
54 33 28
55 33 187
56 33 194
57 33 179
58 33 195
59 33 31
60 33 211
61 33 11
62 33 90
63 33 190
64 33 12
65 33 97
66 33 151
67 33 135
68 33 112
69 33 57
70 33 62
71 33 64
72 33 123
73 33 179
74 33 66
75 33 30
76 33 99
77 33 187
78 33 45
79 33 147
80 33 157
81 33 128
82 33 195
83 33 103
84 33 163
85 33 39
86 33 226
87 33 10
88 33 245
89 33 192
90 33 173
91 33 41
92 33 93
93 33 121
94 33 234
95 33 127
96 33 120
97 33 17
98 33 167
99 33 238

0 34 114
1 34 144
2 34 36
3 34 206
4 34 17
5 34 54
6 34 237
7 34 133
8 34 245
9 34 177
10 34 71
11 34 87
12 34 30
13 34 147
14 34 205
15 34 128
16 34 174
17 34 2
18 34 91
19 34 128
20 34 240
21 34 177
22 34 43
23 34 183
24 34 154
25 34 16
26 34 62
27 34 49
28 34 79
29 34 192
30 34 254
31 34 195
32 34 104
33 34 74
34 34 33
35 34 87
36 34 244
37 34 16
38 34 208
39 34 132
40 34 253
41 34 132
42 34 9
43 34 98
44 34 14
45 34 151
46 34 66
47 34 156
48 34 241
49 34 117
50 34 79
51 34 198
52 34 189
53 34 111
54 34 133
55 34 241
56 34 17
57 34 56
58 34 32
59 34 125
60 34 154
61 34 85
62 34 226
63 34 47
64 34 219
65 34 207
66 34 253
67 34 131
68 34 45
69 34 43
70 34 51
71 34 68
72 34 4
73 34 155
74 34 60
75 34 89
76 34 117
77 34 118
78 34 104
79 34 226
80 34 245
81 34 230
82 34 133
83 34 132
84 34 100
85 34 225
86 34 3
87 34 0
88 34 74
89 34 90
90 34 86
91 34 11
92 34 96
93 34 184
94 34 156
95 34 90
96 34 82
97 34 135
98 34 128
99 34 252

0 35 195
1 35 109
2 35 94
3 35 236
4 35 145
5 35 96
6 35 168
7 35 231
8 35 91
9 35 23
10 35 136
11 35 123
12 35 65
13 35 190
14 35 198
15 35 97
16 35 235
17 35 238
18 35 237
19 35 12
20 35 205
21 35 220
22 35 169
23 35 130
24 35 169
25 35 209
26 35 116
27 35 107
28 35 85
29 35 218
30 35 113
31 35 103
32 35 190
33 35 192
34 35 152
35 35 165
36 35 45
37 35 58
38 35 20
39 35 178
40 35 201
41 35 98
42 35 233
43 35 142
44 35 94
45 35 102
46 35 218
47 35 5
48 35 92
49 35 128
50 35 138
51 35 60
52 35 35
53 35 40
54 35 225
55 35 139
56 35 125
57 35 136
58 35 177
59 35 138
60 35 108
61 35 48
62 35 154
63 35 111
64 35 39
65 35 11
66 35 43
67 35 151
68 35 95
69 35 145
70 35 73
71 35 98
72 35 198
73 35 63
74 35 213
75 35 68
76 35 210
77 35 68
78 35 137
79 35 25
80 35 190
81 35 126
82 35 35
83 35 185
84 35 211
85 35 164
86 35 198
87 35 205
88 35 229
89 35 197
90 35 157
91 35 225
92 35 32
93 35 241
94 35 193
95 35 186
96 35 5
97 35 54
98 35 93
99 35 233

0 36 175
1 36 206
2 36 16
3 36 160
4 36 91
5 36 150
6 36 146
7 36 197
8 36 39
9 36 194
10 36 155
11 36 69
12 36 26
13 36 207
14 36 0
15 36 171
16 36 101
17 36 186
18 36 31
19 36 241
20 36 232
21 36 112
22 36 126
23 36 149
24 36 248
25 36 133
26 36 175
27 36 240
28 36 96
29 36 40
30 36 119
31 36 196
32 36 165
33 36 87
34 36 47
35 36 20
36 36 143
37 36 79
38 36 105
39 36 56
40 36 228
41 36 71
42 36 215
43 36 48
44 36 119
45 36 93
46 36 105
47 36 57
48 36 97
49 36 209
50 36 182
51 36 158
52 36 143
53 36 113
54 36 157
55 36 209
56 36 125
57 36 84
58 36 44
59 36 186
60 36 64
61 36 203
62 36 192
63 36 79
64 36 202
65 36 149
66 36 110
67 36 101
68 36 106
69 36 82
70 36 162
71 36 197
72 36 146
73 36 58
74 36 6
75 36 131
76 36 221
77 36 15
78 36 166
79 36 139
80 36 80
81 36 80
82 36 81
83 36 125
84 36 225
85 36 176
86 36 66
87 36 187
88 36 53
89 36 199
90 36 0
91 36 192
92 36 174
93 36 6
94 36 130
95 36 179
96 36 165
97 36 240
98 36 151
99 36 59

0 37 244
1 37 135
2 37 133
3 37 150
4 37 184
5 37 5
6 37 240
7 37 229
8 37 85
9 37 205
10 37 254
11 37 202
12 37 186
13 37 161
14 37 185
15 37 53
16 37 230
17 37 21
18 37 181
19 37 123
20 37 170
21 37 68
22 37 242
23 37 169
24 37 177
25 37 193
26 37 3
27 37 23
28 37 191
29 37 209
30 37 112
31 37 64
32 37 54
33 37 215
34 37 90
35 37 208
36 37 222
37 37 15
38 37 93
39 37 255
40 37 229
41 37 127
42 37 187
43 37 30
44 37 37
45 37 43
46 37 182
47 37 111
48 37 166
49 37 137
50 37 61
51 37 58
52 37 100
53 37 52
54 37 203
55 37 29
56 37 82
57 37 228
58 37 141
59 37 164
60 37 158
61 37 158
62 37 195
63 37 26
64 37 55
65 37 40
66 37 104
67 37 158
68 37 141
69 37 192
70 37 21
71 37 121
72 37 152
73 37 13
74 37 35
75 37 174
76 37 27
77 37 86
78 37 16
79 37 211
80 37 42
81 37 242
82 37 35
83 37 32
84 37 234
85 37 0
86 37 83
87 37 198
88 37 152
89 37 88
90 37 102
91 37 129
92 37 204
93 37 193
94 37 86
95 37 113
96 37 255
97 37 100
98 37 248
99 37 38

0 38 75
1 38 128
2 38 223
3 38 250
4 38 115
5 38 96
6 38 127
7 38 163
8 38 35
9 38 138
10 38 142
11 38 8
12 38 121
13 38 58
14 38 176
15 38 84
16 38 195
17 38 14
18 38 82
19 38 73
20 38 139
21 38 3
22 38 214
23 38 216
24 38 209
25 38 160
26 38 241
27 38 238
28 38 151
29 38 113
30 38 82
31 38 144
32 38 163
33 38 183
34 38 133
35 38 42
36 38 128
37 38 94
38 38 22
39 38 36
40 38 198
41 38 47
42 38 249
43 38 183
44 38 155
45 38 71
46 38 41
47 38 255
48 38 122
49 38 200
50 38 144
51 38 81
52 38 51
53 38 206
54 38 39
55 38 206
56 38 51
57 38 165
58 38 94
59 38 56
60 38 6
61 38 57
62 38 190
63 38 5
64 38 26
65 38 205
66 38 205
67 38 178
68 38 198
69 38 240
70 38 50
71 38 90
72 38 138
73 38 173
74 38 25
75 38 135
76 38 153
77 38 3
78 38 217
79 38 72
80 38 148
81 38 149
82 38 212
83 38 132
84 38 153
85 38 161
86 38 159
87 38 141
88 38 124
89 38 54
90 38 100
91 38 248
92 38 84
93 38 162
94 38 132
95 38 173
96 38 58
97 38 42
98 38 128
99 38 58

0 39 77
1 39 255
2 39 25
3 39 109
4 39 250
5 39 109
6 39 182
7 39 33
8 39 122
9 39 84
10 39 7
11 39 88
12 39 155
13 39 220
14 39 232
15 39 138
16 39 196
17 39 101
18 39 136
19 39 61
20 39 51
21 39 189
22 39 202
23 39 214
24 39 138
25 39 150
26 39 235
27 39 175
28 39 138
29 39 55
30 39 102
31 39 105
32 39 30
33 39 113
34 39 20
35 39 132
36 39 155
37 39 213
38 39 152
39 39 44
40 39 70
41 39 36
42 39 250
43 39 86
44 39 23
45 39 7
46 39 146
47 39 12
48 39 188
49 39 0
50 39 40
51 39 5
52 39 225
53 39 161
54 39 89
55 39 121
56 39 175
57 39 252
58 39 60
59 39 51
60 39 146
61 39 90
62 39 70
63 39 232
64 39 64
65 39 48
66 39 107
67 39 199
68 39 247
69 39 78
70 39 134
71 39 81
72 39 5
73 39 90
74 39 251
75 39 107
76 39 142
77 39 125
78 39 155
79 39 178
80 39 138
81 39 92
82 39 200
83 39 14
84 39 13
85 39 74
86 39 217
87 39 138
88 39 203
89 39 187
90 39 192
91 39 99
92 39 219
93 39 252
94 39 233
95 39 94
96 39 187
97 39 34
98 39 102
99 39 95

0 40 149
1 40 65
2 40 74
3 40 56
4 40 192
5 40 222
6 40 82
7 40 191
8 40 138
9 40 166
10 40 203
11 40 35
12 40 53
13 40 96
14 40 175
15 40 128
16 40 63
17 40 32
18 40 18
19 40 176
20 40 231
21 40 189
22 40 188
23 40 101
24 40 236
25 40 134
26 40 24
27 40 116
28 40 152
29 40 49
30 40 77
31 40 116
32 40 253
33 40 20
34 40 170
35 40 136
36 40 127
37 40 152
38 40 71
39 40 121
40 40 146
41 40 234
42 40 233
43 40 8
44 40 197
45 40 243
46 40 39
47 40 130
48 40 0
49 40 139
50 40 203
51 40 148
52 40 9
53 40 233
54 40 123
55 40 97
56 40 77
57 40 94
58 40 153
59 40 210
60 40 222
61 40 68
62 40 103
63 40 45
64 40 184
65 40 49
66 40 111
67 40 234
68 40 72
69 40 112
70 40 34
71 40 194
72 40 47
73 40 177
74 40 191
75 40 8
76 40 67
77 40 255
78 40 118
79 40 60
80 40 214
81 40 243
82 40 206
83 40 222
84 40 60
85 40 39
86 40 68
87 40 128
88 40 135
89 40 238
90 40 52
91 40 31
92 40 149
93 40 66
94 40 253
95 40 179
96 40 77
97 40 254
98 40 97
99 40 5

0 41 37
1 41 78
2 41 42
3 41 193
4 41 231
5 41 99
6 41 19
7 41 204
8 41 182
9 41 107
10 41 229
11 41 215
12 41 76
13 41 192
14 41 225
15 41 53
16 41 133
17 41 95
18 41 94
19 41 233
20 41 33
21 41 157
22 41 179
23 41 4
24 41 197
25 41 21
26 41 87
27 41 46
28 41 68
29 41 229
30 41 71
31 41 130
32 41 29
33 41 26
34 41 168
35 41 159
36 41 69
37 41 104
38 41 174
39 41 251
40 41 38
41 41 31
42 41 188
43 41 123
44 41 231
45 41 90
46 41 205
47 41 65
48 41 238
49 41 121
50 41 18
51 41 198
52 41 163
53 41 210
54 41 220
55 41 40
56 41 119
57 41 164
58 41 189
59 41 197
60 41 38
61 41 76
62 41 234
63 41 8
64 41 56
65 41 188
66 41 228
67 41 131
68 41 206
69 41 40
70 41 88
71 41 62
72 41 155
73 41 2
74 41 67
75 41 79
76 41 49
77 41 41
78 41 89
79 41 171
80 41 126
81 41 94
82 41 168
83 41 60
84 41 150
85 41 247
86 41 121
87 41 52
88 41 179
89 41 215
90 41 119
91 41 160
92 41 121
93 41 157
94 41 19
95 41 64
96 41 127
97 41 28
98 41 38
99 41 150

0 42 12
1 42 12
2 42 216
3 42 61
4 42 30
5 42 254
6 42 194
7 42 124
8 42 177
9 42 150
10 42 79
11 42 27
12 42 61
13 42 244
14 42 104
15 42 117
16 42 129
17 42 115
18 42 80
19 42 207
20 42 127
21 42 150
22 42 204
23 42 232
24 42 200
25 42 63
26 42 136
27 42 209
28 42 249
29 42 34
30 42 182
31 42 255
32 42 134
33 42 122
34 42 248
35 42 159
36 42 182
37 42 250
38 42 128
39 42 41
40 42 239
41 42 7
42 42 117
43 42 56
44 42 52
45 42 36
46 42 153
47 42 153
48 42 236
49 42 174
50 42 42
51 42 162
52 42 229
53 42 201
54 42 6
55 42 197
56 42 152
57 42 154
58 42 18
59 42 101
60 42 175
61 42 183
62 42 219
63 42 231
64 42 196
65 42 219
66 42 126
67 42 13
68 42 108
69 42 223
70 42 198
71 42 127
72 42 116
73 42 229
74 42 149
75 42 171
76 42 106
77 42 215
78 42 133
79 42 207
80 42 95
81 42 16
82 42 206
83 42 84
84 42 236
85 42 88
86 42 107
87 42 94
88 42 115
89 42 22
90 42 120
91 42 161
92 42 167
93 42 193
94 42 223
95 42 118
96 42 79
97 42 152
98 42 51
99 42 46

0 43 71
1 43 147
2 43 220
3 43 166
4 43 199
5 43 153
6 43 117
7 43 27
8 43 231
9 43 243
10 43 114
11 43 64
12 43 99
13 43 1
14 43 6
15 43 142
16 43 156
17 43 43
18 43 68
19 43 220
20 43 224
21 43 27
22 43 132
23 43 47
24 43 235
25 43 41
26 43 8
27 43 211
28 43 174
29 43 23
30 43 223
31 43 171
32 43 79
33 43 255
34 43 10
35 43 197
36 43 112
37 43 137
38 43 222
39 43 49
40 43 180
41 43 97
42 43 169
43 43 20
44 43 127
45 43 233
46 43 152
47 43 248
48 43 254
49 43 43
50 43 216
51 43 102
52 43 104
53 43 17
54 43 252
55 43 183
56 43 131
57 43 216
58 43 159
59 43 39
60 43 105
61 43 194
62 43 74
63 43 43
64 43 140
65 43 11
66 43 152
67 43 5
68 43 248
69 43 31
70 43 151
71 43 149
72 43 216
73 43 10
74 43 114
75 43 114
76 43 60
77 43 48
78 43 77
79 43 57
80 43 25
81 43 62
82 43 113
83 43 37
84 43 145
85 43 96
86 43 169
87 43 224
88 43 117
89 43 181
90 43 235
91 43 153
92 43 9
93 43 0
94 43 59
95 43 87
96 43 7
97 43 160
98 43 205
99 43 141

0 44 230
1 44 194
2 44 106
3 44 238
4 44 91
5 44 213
6 44 20
7 44 130
8 44 33
9 44 62
10 44 237
11 44 250
12 44 246
13 44 77
14 44 85
15 44 65
16 44 230
17 44 112
18 44 83
19 44 83
20 44 203
21 44 167
22 44 54
23 44 82
24 44 21
25 44 56
26 44 124
27 44 215
28 44 199
29 44 164
30 44 242
31 44 134
32 44 194
33 44 217
34 44 29
35 44 229
36 44 70
37 44 169
38 44 217
39 44 110
40 44 182
41 44 123
42 44 64
43 44 226
44 44 155
45 44 65
46 44 205
47 44 225
48 44 236
49 44 170
50 44 193
51 44 184
52 44 141
53 44 152
54 44 198
55 44 122
56 44 21
57 44 212
58 44 211
59 44 82
60 44 212
61 44 1
62 44 79
63 44 23
64 44 21
65 44 206
66 44 121
67 44 33
68 44 160
69 44 112
70 44 7
71 44 91
72 44 131
73 44 80
74 44 13
75 44 154
76 44 18
77 44 0
78 44 33
79 44 45
80 44 45
81 44 116
82 44 189
83 44 182
84 44 193
85 44 111
86 44 229
87 44 56
88 44 145
89 44 59
90 44 9
91 44 112
92 44 55
93 44 157
94 44 44
95 44 105
96 44 101
97 44 8
98 44 70
99 44 75

0 45 113
1 45 17
2 45 231
3 45 115
4 45 17
5 45 35
6 45 30
7 45 201
8 45 99
9 45 116
10 45 153
11 45 78
12 45 48
13 45 55
14 45 13
15 45 245
16 45 113
17 45 20
18 45 217
19 45 180
20 45 18
21 45 213
22 45 230
23 45 218
24 45 247
25 45 98
26 45 209
27 45 163
28 45 61
29 45 239
30 45 76
31 45 10
32 45 194
33 45 116
34 45 193
35 45 222
36 45 231
37 45 93
38 45 57
39 45 24
40 45 148
41 45 131
42 45 125
43 45 108
44 45 125
45 45 92
46 45 122
47 45 30
48 45 164
49 45 110
50 45 234
51 45 23
52 45 31
53 45 10
54 45 49
55 45 56
56 45 28
57 45 54
58 45 133
59 45 238
60 45 34
61 45 235
62 45 82
63 45 7
64 45 154
65 45 129
66 45 221
67 45 196
68 45 141
69 45 103
70 45 39
71 45 47
72 45 175
73 45 23
74 45 20
75 45 174
76 45 157
77 45 73
78 45 204
79 45 217
80 45 99
81 45 103
82 45 98
83 45 137
84 45 65
85 45 66
86 45 180
87 45 49
88 45 175
89 45 3
90 45 146
91 45 114
92 45 158
93 45 100
94 45 34
95 45 233
96 45 1
97 45 32
98 45 130
99 45 76

0 46 140
1 46 167
2 46 176
3 46 181
4 46 187
5 46 23
6 46 167
7 46 61
8 46 23
9 46 104
10 46 203
11 46 205
12 46 181
13 46 230
14 46 135
15 46 49
16 46 255
17 46 229
18 46 53
19 46 110
20 46 182
21 46 176
22 46 62
23 46 86
24 46 56
25 46 194
26 46 130
27 46 89
28 46 255
29 46 57
30 46 250
31 46 158
32 46 107
33 46 135
34 46 155
35 46 83
36 46 193
37 46 107
38 46 126
39 46 65
40 46 115
41 46 32
42 46 63
43 46 163
44 46 162
45 46 212
46 46 163
47 46 56
48 46 225
49 46 91
50 46 125
51 46 151
52 46 60
53 46 37
54 46 210
55 46 195
56 46 121
57 46 109
58 46 59
59 46 255
60 46 157
61 46 180
62 46 139
63 46 227
64 46 178
65 46 110
66 46 178
67 46 176
68 46 200
69 46 251
70 46 225
71 46 225
72 46 58
73 46 216
74 46 239
75 46 2
76 46 50
77 46 23
78 46 252
79 46 197
80 46 111
81 46 12
82 46 84
83 46 83
84 46 70
85 46 74
86 46 149
87 46 224
88 46 231
89 46 206
90 46 21
91 46 130
92 46 226
93 46 121
94 46 126
95 46 67
96 46 234
97 46 196
98 46 187
99 46 117

0 47 216
1 47 175
2 47 24
3 47 69
4 47 243
5 47 250
6 47 164
7 47 147
8 47 110
9 47 152
10 47 218
11 47 1
12 47 50
13 47 97
14 47 129
15 47 74
16 47 222
17 47 7
18 47 209
19 47 214
20 47 12
21 47 75
22 47 215
23 47 139
24 47 215
25 47 112
26 47 27
27 47 229
28 47 154
29 47 240
30 47 127
31 47 73
32 47 249
33 47 111
34 47 106
35 47 150
36 47 38
37 47 237
38 47 38
39 47 254
40 47 93
41 47 63
42 47 135
43 47 20
44 47 177
45 47 192
46 47 206
47 47 37
48 47 11
49 47 68
50 47 204
51 47 204
52 47 112
53 47 77
54 47 75
55 47 193
56 47 130
57 47 130
58 47 169
59 47 242
60 47 74
61 47 92
62 47 198
63 47 213
64 47 52
65 47 35
66 47 33
67 47 252
68 47 91
69 47 25
70 47 61
71 47 234
72 47 7
73 47 245
74 47 74
75 47 37
76 47 116
77 47 146
78 47 1
79 47 140
80 47 214
81 47 233
82 47 208
83 47 235
84 47 153
85 47 61
86 47 55
87 47 205
88 47 237
89 47 149
90 47 114
91 47 145
92 47 130
93 47 111
94 47 88
95 47 192
96 47 144
97 47 179
98 47 131
99 47 158

0 48 27
1 48 230
2 48 177
3 48 255
4 48 117
5 48 160
6 48 106
7 48 92
8 48 4
9 48 64
10 48 227
11 48 38
12 48 69
13 48 222
14 48 35
15 48 90
16 48 17
17 48 129
18 48 100
19 48 86
20 48 32
21 48 146
22 48 188
23 48 235
24 48 203
25 48 145
26 48 252
27 48 179
28 48 22
29 48 7
30 48 217
31 48 165
32 48 237
33 48 188
34 48 73
35 48 230
36 48 174
37 48 41
38 48 48
39 48 226
40 48 232
41 48 48
42 48 60
43 48 156
44 48 99
45 48 11
46 48 13
47 48 66
48 48 96
49 48 131
50 48 154
51 48 5
52 48 33
53 48 98
54 48 208
55 48 40
56 48 172
57 48 42
58 48 124
59 48 86
60 48 205
61 48 7
62 48 106
63 48 56
64 48 90
65 48 3
66 48 206
67 48 71
68 48 186
69 48 121
70 48 228
71 48 223
72 48 168
73 48 204
74 48 212
75 48 149
76 48 53
77 48 88
78 48 216
79 48 203
80 48 12
81 48 169
82 48 160
83 48 130
84 48 250
85 48 235
86 48 246
87 48 111
88 48 174
89 48 162
90 48 158
91 48 80
92 48 189
93 48 156
94 48 128
95 48 128
96 48 233
97 48 35
98 48 9
99 48 201

0 49 162
1 49 119
2 49 206
3 49 122
4 49 205
5 49 123
6 49 114
7 49 186
8 49 197
9 49 174
10 49 202
11 49 28
12 49 159
13 49 93
14 49 64
15 49 116
16 49 179
17 49 23
18 49 117
19 49 232
20 49 87
21 49 98
22 49 43
23 49 74
24 49 238
25 49 172
26 49 97
27 49 165
28 49 34
29 49 132
30 49 191
31 49 21
32 49 109
33 49 10
34 49 53
35 49 220
36 49 222
37 49 164
38 49 224
39 49 179
40 49 26
41 49 243
42 49 45
43 49 94
44 49 161
45 49 6
46 49 64
47 49 131
48 49 82
49 49 205
50 49 151
51 49 188
52 49 50
53 49 208
54 49 234
55 49 235
56 49 105
57 49 32
58 49 86
59 49 206
60 49 141
61 49 142
62 49 187
63 49 211
64 49 35
65 49 28
66 49 99
67 49 45
68 49 99
69 49 177
70 49 228
71 49 39
72 49 60
73 49 17
74 49 71
75 49 184
76 49 152
77 49 11
78 49 105
79 49 88
80 49 225
81 49 245
82 49 162
83 49 19
84 49 196
85 49 85
86 49 165
87 49 220
88 49 53
89 49 225
90 49 167
91 49 35
92 49 179
93 49 170
94 49 196
95 49 170
96 49 205
97 49 148
98 49 158
99 49 148

0 50 229
1 50 9
2 50 71
3 50 191
4 50 52
5 50 238
6 50 97
7 50 83
8 50 14
9 50 214
10 50 131
11 50 155
12 50 103
13 50 118
14 50 223
15 50 20
16 50 151
17 50 90
18 50 34
19 50 196
20 50 90
21 50 214
22 50 156
23 50 205
24 50 27
25 50 62
26 50 161
27 50 66
28 50 114
29 50 89
30 50 47
31 50 57
32 50 235
33 50 20
34 50 208
35 50 34
36 50 9
37 50 116
38 50 194
39 50 87
40 50 138
41 50 206
42 50 86
43 50 244
44 50 237
45 50 58
46 50 150
47 50 232
48 50 50
49 50 69
50 50 42
51 50 76
52 50 225
53 50 230
54 50 125
55 50 244
56 50 77
57 50 180
58 50 27
59 50 68
60 50 26
61 50 85
62 50 94
63 50 69
64 50 253
65 50 58
66 50 73
67 50 248
68 50 195
69 50 137
70 50 180
71 50 235
72 50 149
73 50 91
74 50 169
75 50 9
76 50 122
77 50 40
78 50 15
79 50 182
80 50 29
81 50 127
82 50 133
83 50 28
84 50 209
85 50 251
86 50 145
87 50 191
88 50 210
89 50 114
90 50 250
91 50 88
92 50 205
93 50 111
94 50 114
95 50 224
96 50 163
97 50 227
98 50 120
99 50 235

0 51 107
1 51 23
2 51 125
3 51 55
4 51 182
5 51 229
6 51 70
7 51 133
8 51 22
9 51 40
10 51 145
11 51 167
12 51 225
13 51 113
14 51 251
15 51 219
16 51 50
17 51 252
18 51 33
19 51 87
20 51 49
21 51 226
22 51 6
23 51 37
24 51 148
25 51 143
26 51 181
27 51 49
28 51 102
29 51 119
30 51 39
31 51 161
32 51 7
33 51 5
34 51 102
35 51 100
36 51 117
37 51 212
38 51 243
39 51 14
40 51 201
41 51 34
42 51 101
43 51 227
44 51 5
45 51 130
46 51 84
47 51 49
48 51 12
49 51 208
50 51 117
51 51 228
52 51 242
53 51 106
54 51 6
55 51 84
56 51 118
57 51 157
58 51 109
59 51 97
60 51 205
61 51 94
62 51 28
63 51 194
64 51 162
65 51 59
66 51 183
67 51 154
68 51 90
69 51 145
70 51 121
71 51 76
72 51 156
73 51 254
74 51 212
75 51 145
76 51 17
77 51 25
78 51 87
79 51 200
80 51 104
81 51 97
82 51 213
83 51 141
84 51 158
85 51 116
86 51 196
87 51 140
88 51 124
89 51 130
90 51 227
91 51 151
92 51 97
93 51 0
94 51 32
95 51 247
96 51 65
97 51 161
98 51 184
99 51 0

0 52 238
1 52 130
2 52 160
3 52 233
4 52 150
5 52 164
6 52 36
7 52 218
8 52 141
9 52 160
10 52 206
11 52 69
12 52 77
13 52 150
14 52 137
15 52 122
16 52 188
17 52 103
18 52 6
19 52 118
20 52 173
21 52 36
22 52 95
23 52 252
24 52 168
25 52 198
26 52 250
27 52 232
28 52 238
29 52 31
30 52 177
31 52 191
32 52 184
33 52 16
34 52 47
35 52 138
36 52 192
37 52 253
38 52 157
39 52 229
40 52 2
41 52 126
42 52 127
43 52 83
44 52 196
45 52 87
46 52 216
47 52 212
48 52 212
49 52 171
50 52 149
51 52 186
52 52 17
53 52 108
54 52 40
55 52 184
56 52 44
57 52 22
58 52 116
59 52 60
60 52 176
61 52 157
62 52 233
63 52 254
64 52 64
65 52 163
66 52 240
67 52 217
68 52 32
69 52 239
70 52 137
71 52 219
72 52 248
73 52 27
74 52 50
75 52 152
76 52 212
77 52 140
78 52 12
79 52 195
80 52 110
81 52 168
82 52 57
83 52 255
84 52 176
85 52 66
86 52 136
87 52 242
88 52 117
89 52 89
90 52 84
91 52 155
92 52 144
93 52 3
94 52 169
95 52 230
96 52 15
97 52 164
98 52 169
99 52 126

0 53 193
1 53 99
2 53 46
3 53 227
4 53 245
5 53 223
6 53 177
7 53 188
8 53 133
9 53 29
10 53 107
11 53 110
12 53 19
13 53 198
14 53 185
15 53 237
16 53 147
17 53 143
18 53 197
19 53 211
20 53 9
21 53 248
22 53 99
23 53 175
24 53 148
25 53 57
26 53 57
27 53 159
28 53 172
29 53 121
30 53 35
31 53 33
32 53 168
33 53 66
34 53 214
35 53 38
36 53 131
37 53 50
38 53 195
39 53 104
40 53 223
41 53 243
42 53 62
43 53 254
44 53 74
45 53 109
46 53 223
47 53 45
48 53 193
49 53 57
50 53 40
51 53 130
52 53 114
53 53 89
54 53 105
55 53 29
56 53 198
57 53 39
58 53 225
59 53 80
60 53 159
61 53 140
62 53 38
63 53 105
64 53 223
65 53 114
66 53 199
67 53 203
68 53 41
69 53 124
70 53 47
71 53 68
72 53 235
73 53 244
74 53 204
75 53 154
76 53 156
77 53 5
78 53 113
79 53 103
80 53 66
81 53 42
82 53 249
83 53 39
84 53 56
85 53 230
86 53 46
87 53 144
88 53 46
89 53 182
90 53 233
91 53 34
92 53 113
93 53 68
94 53 122
95 53 254
96 53 109
97 53 221
98 53 73
99 53 251

0 54 112
1 54 37
2 54 190
3 54 247
4 54 176
5 54 9
6 54 95
7 54 107
8 54 144
9 54 246
10 54 56
11 54 66
12 54 31
13 54 72
14 54 128
15 54 236
16 54 225
17 54 6
18 54 121
19 54 174
20 54 211
21 54 204
22 54 152
23 54 60
24 54 169
25 54 8
26 54 230
27 54 137
28 54 90
29 54 105
30 54 166
31 54 222
32 54 222
33 54 149
34 54 56
35 54 42
36 54 54
37 54 27
38 54 61
39 54 153
40 54 174
41 54 168
42 54 252
43 54 103
44 54 95
45 54 125
46 54 5
47 54 247
48 54 247
49 54 32
50 54 19
51 54 31
52 54 189
53 54 82
54 54 55
55 54 198
56 54 207
57 54 66
58 54 51
59 54 178
60 54 174
61 54 0
62 54 36
63 54 155
64 54 253
65 54 52
66 54 101
67 54 132
68 54 134
69 54 16
70 54 175
71 54 75
72 54 126
73 54 131
74 54 133
75 54 126
76 54 10
77 54 176
78 54 207
79 54 112
80 54 2
81 54 158
82 54 197
83 54 140
84 54 244
85 54 49
86 54 14
87 54 234
88 54 108
89 54 89
90 54 41
91 54 32
92 54 114
93 54 137
94 54 13
95 54 91
96 54 85
97 54 107
98 54 12
99 54 174

0 55 167
1 55 210
2 55 253
3 55 169
4 55 137
5 55 240
6 55 154
7 55 46
8 55 41
9 55 201
10 55 39
11 55 128
12 55 136
13 55 231
14 55 85
15 55 157
16 55 129
17 55 79
18 55 101
19 55 206
20 55 7
21 55 181
22 55 144
23 55 124
24 55 174
25 55 236
26 55 167
27 55 69
28 55 108
29 55 160
30 55 247
31 55 79
32 55 161
33 55 71
34 55 111
35 55 220
36 55 86
37 55 85
38 55 5
39 55 31
40 55 194
41 55 175
42 55 85
43 55 79
44 55 19
45 55 99
46 55 139
47 55 249
48 55 107
49 55 150
50 55 132
51 55 154
52 55 40
53 55 190
54 55 48
55 55 109
56 55 104
57 55 17
58 55 59
59 55 130
60 55 204
61 55 60
62 55 236
63 55 16
64 55 125
65 55 89
66 55 77
67 55 12
68 55 109
69 55 27
70 55 140
71 55 250
72 55 224
73 55 76
74 55 161
75 55 4
76 55 42
77 55 122
78 55 49
79 55 73
80 55 186
81 55 237
82 55 178
83 55 119
84 55 87
85 55 220
86 55 209
87 55 156
88 55 170
89 55 224
90 55 16
91 55 57
92 55 253
93 55 168
94 55 180
95 55 153
96 55 66
97 55 239
98 55 222
99 55 96

0 56 87
1 56 171
2 56 248
3 56 103
4 56 136
5 56 135
6 56 82
7 56 199
8 56 86
9 56 148
10 56 13
11 56 52
12 56 118
13 56 59
14 56 57
15 56 141
16 56 29
17 56 119
18 56 58
19 56 176
20 56 123
21 56 65
22 56 112
23 56 147
24 56 133
25 56 75
26 56 23
27 56 145
28 56 248
29 56 240
30 56 107
31 56 1
32 56 155
33 56 107
34 56 16
35 56 13
36 56 196
37 56 72
38 56 178
39 56 194
40 56 29
41 56 25
42 56 233
43 56 99
44 56 168
45 56 106
46 56 95
47 56 3
48 56 1
49 56 247
50 56 52
51 56 82
52 56 228
53 56 28
54 56 161
55 56 184
56 56 238
57 56 140
58 56 220
59 56 160
60 56 168
61 56 70
62 56 60
63 56 23
64 56 193
65 56 197
66 56 158
67 56 149
68 56 155
69 56 119
70 56 7
71 56 26
72 56 10
73 56 113
74 56 139
75 56 125
76 56 88
77 56 97
78 56 109
79 56 1
80 56 140
81 56 196
82 56 135
83 56 42
84 56 235
85 56 89
86 56 236
87 56 207
88 56 192
89 56 213
90 56 205
91 56 111
92 56 89
93 56 216
94 56 153
95 56 201
96 56 82
97 56 32
98 56 104
99 56 166

0 57 22
1 57 253
2 57 154
3 57 250
4 57 162
5 57 4
6 57 187
7 57 43
8 57 140
9 57 8
10 57 170
11 57 177
12 57 68
13 57 70
14 57 251
15 57 223
16 57 155
17 57 224
18 57 153
19 57 0
20 57 129
21 57 141
22 57 176
23 57 166
24 57 19
25 57 142
26 57 202
27 57 63
28 57 213
29 57 228
30 57 56
31 57 233
32 57 59
33 57 192
34 57 179
35 57 136
36 57 111
37 57 59
38 57 67
39 57 21
40 57 78
41 57 71
42 57 96
43 57 57
44 57 179
45 57 229
46 57 87
47 57 26
48 57 249
49 57 153
50 57 240
51 57 117
52 57 187
53 57 27
54 57 78
55 57 237
56 57 222
57 57 80
58 57 22
59 57 162
60 57 210
61 57 120
62 57 212
63 57 6
64 57 20
65 57 169
66 57 154
67 57 236
68 57 248
69 57 124
70 57 234
71 57 226
72 57 165
73 57 6
74 57 213
75 57 193
76 57 97
77 57 10
78 57 101
79 57 130
80 57 15
81 57 108
82 57 57
83 57 83
84 57 245
85 57 233
86 57 111
87 57 234
88 57 195
89 57 6
90 57 199
91 57 26
92 57 209
93 57 70
94 57 4
95 57 164
96 57 169
97 57 160
98 57 150
99 57 79

0 58 197
1 58 48
2 58 119
3 58 59
4 58 154
5 58 45
6 58 83
7 58 114
8 58 213
9 58 27
10 58 235
11 58 192
12 58 228
13 58 66
14 58 187
15 58 197
16 58 184
17 58 94
18 58 218
19 58 72
20 58 201
21 58 152
22 58 35
23 58 206
24 58 91
25 58 181
26 58 146
27 58 107
28 58 0
29 58 142
30 58 240
31 58 217
32 58 95
33 58 192
34 58 179
35 58 199
36 58 51
37 58 164
38 58 32
39 58 115
40 58 151
41 58 130
42 58 178
43 58 123
44 58 128
45 58 1
46 58 191
47 58 241
48 58 139
49 58 226
50 58 89
51 58 173
52 58 249
53 58 238
54 58 115
55 58 231
56 58 247
57 58 45
58 58 68
59 58 5
60 58 35
61 58 89
62 58 241
63 58 177
64 58 77
65 58 146
66 58 102
67 58 47
68 58 122
69 58 83
70 58 132
71 58 237
72 58 47
73 58 165
74 58 130
75 58 92
76 58 236
77 58 147
78 58 141
79 58 255
80 58 246
81 58 221
82 58 178
83 58 194
84 58 89
85 58 241
86 58 254
87 58 140
88 58 46
89 58 22
90 58 228
91 58 23
92 58 26
93 58 235
94 58 222
95 58 0
96 58 23
97 58 16
98 58 87
99 58 26

0 59 119
1 59 35
2 59 201
3 59 8
4 59 38
5 59 238
6 59 35
7 59 11
8 59 47
9 59 222
10 59 109
11 59 24
12 59 129
13 59 183
14 59 174
15 59 46
16 59 244
17 59 135
18 59 14
19 59 230
20 59 135
21 59 217
22 59 56
23 59 76
24 59 235
25 59 42
26 59 2
27 59 237
28 59 70
29 59 161
30 59 80
31 59 49
32 59 49
33 59 250
34 59 53
35 59 235
36 59 2
37 59 196
38 59 92
39 59 47
40 59 81
41 59 204
42 59 167
43 59 100
44 59 181
45 59 217
46 59 21
47 59 153
48 59 207
49 59 153
50 59 233
51 59 29
52 59 138
53 59 220
54 59 9
55 59 73
56 59 160
57 59 0
58 59 164
59 59 161
60 59 97
61 59 172
62 59 23
63 59 28
64 59 176
65 59 194
66 59 18
67 59 191
68 59 78
69 59 142
70 59 246
71 59 112
72 59 91
73 59 68
74 59 130
75 59 10
76 59 25
77 59 169
78 59 175
79 59 173
80 59 244
81 59 16
82 59 216
83 59 88
84 59 191
85 59 136
86 59 30
87 59 185
88 59 65
89 59 84
90 59 11
91 59 67
92 59 240
93 59 155
94 59 118
95 59 130
96 59 252
97 59 97
98 59 166
99 59 171

0 60 143
1 60 182
2 60 186
3 60 120
4 60 84
5 60 45
6 60 71
7 60 50
8 60 54
9 60 144
10 60 68
11 60 15
12 60 106
13 60 210
14 60 35
15 60 191
16 60 175
17 60 69
18 60 65
19 60 66
20 60 212
21 60 13
22 60 128
23 60 252
24 60 123
25 60 213
26 60 50
27 60 11
28 60 30
29 60 193
30 60 58
31 60 216
32 60 79
33 60 163
34 60 109
35 60 236
36 60 68
37 60 113
38 60 63
39 60 6
40 60 146
41 60 247
42 60 155
43 60 106
44 60 57
45 60 201
46 60 18
47 60 123
48 60 225
49 60 124
50 60 56
51 60 140
52 60 99
53 60 21
54 60 75
55 60 244
56 60 139
57 60 194
58 60 22
59 60 96
60 60 29
61 60 200
62 60 21
63 60 110
64 60 21
65 60 189
66 60 218
67 60 119
68 60 51
69 60 247
70 60 175
71 60 171
72 60 183
73 60 68
74 60 125
75 60 100
76 60 106
77 60 219
78 60 237
79 60 180
80 60 221
81 60 147
82 60 204
83 60 64
84 60 245
85 60 83
86 60 180
87 60 82
88 60 167
89 60 202
90 60 233
91 60 41
92 60 1
93 60 96
94 60 129
95 60 148
96 60 106
97 60 108
98 60 200
99 60 191

0 61 42
1 61 167
2 61 226
3 61 76
4 61 45
5 61 225
6 61 178
7 61 165
8 61 3
9 61 242
10 61 251
11 61 145
12 61 44
13 61 244
14 61 197
15 61 6
16 61 147
17 61 175
18 61 3
19 61 63
20 61 88
21 61 85
22 61 114
23 61 13
24 61 210
25 61 112
26 61 196
27 61 114
28 61 213
29 61 24
30 61 254
31 61 108
32 61 48
33 61 105
34 61 31
35 61 15
36 61 122
37 61 52
38 61 2
39 61 214
40 61 15
41 61 245
42 61 133
43 61 59
44 61 85
45 61 5
46 61 235
47 61 133
48 61 68
49 61 17
50 61 127
51 61 226
52 61 37
53 61 203
54 61 122
55 61 181
56 61 153
57 61 223
58 61 39
59 61 49
60 61 222
61 61 41
62 61 69
63 61 39
64 61 78
65 61 37
66 61 173
67 61 28
68 61 40
69 61 167
70 61 53
71 61 159
72 61 147
73 61 204
74 61 211
75 61 218
76 61 224
77 61 48
78 61 6
79 61 102
80 61 16
81 61 97
82 61 113
83 61 100
84 61 150
85 61 148
86 61 201
87 61 201
88 61 94
89 61 151
90 61 242
91 61 249
92 61 13
93 61 7
94 61 101
95 61 152
96 61 139
97 61 195
98 61 213
99 61 156

0 62 191
1 62 160
2 62 18
3 62 167
4 62 153
5 62 95
6 62 45
7 62 149
8 62 86
9 62 220
10 62 221
11 62 80
12 62 255
13 62 135
14 62 33
15 62 236
16 62 51
17 62 24
18 62 39
19 62 240
20 62 39
21 62 127
22 62 109
23 62 241
24 62 235
25 62 26
26 62 38
27 62 102
28 62 239
29 62 43
30 62 223
31 62 183
32 62 197
33 62 137
34 62 98
35 62 151
36 62 40
37 62 150
38 62 219
39 62 148
40 62 62
41 62 112
42 62 57
43 62 236
44 62 26
45 62 108
46 62 215
47 62 163
48 62 133
49 62 192
50 62 92
51 62 210
52 62 254
53 62 127
54 62 224
55 62 66
56 62 255
57 62 203
58 62 80
59 62 57
60 62 130
61 62 70
62 62 19
63 62 148
64 62 196
65 62 201
66 62 237
67 62 22
68 62 73
69 62 89
70 62 36
71 62 0
72 62 32
73 62 86
74 62 226
75 62 226
76 62 104
77 62 246
78 62 219
79 62 176
80 62 19
81 62 242
82 62 47
83 62 24
84 62 234
85 62 127
86 62 146
87 62 19
88 62 209
89 62 128
90 62 170
91 62 187
92 62 77
93 62 250
94 62 184
95 62 92
96 62 67
97 62 200
98 62 123
99 62 205

0 63 3
1 63 144
2 63 82
3 63 1
4 63 132
5 63 245
6 63 160
7 63 217
8 63 241
9 63 14
10 63 116
11 63 60
12 63 101
13 63 23
14 63 106
15 63 106
16 63 244
17 63 103
18 63 204
19 63 141
20 63 234
21 63 162
22 63 253
23 63 146
24 63 87
25 63 48
26 63 24
27 63 54
28 63 203
29 63 238
30 63 212
31 63 100
32 63 94
33 63 35
34 63 171
35 63 190
36 63 243
37 63 181
38 63 59
39 63 122
40 63 190
41 63 157
42 63 236
43 63 111
44 63 4
45 63 152
46 63 211
47 63 111
48 63 34
49 63 31
50 63 214
51 63 216
52 63 209
53 63 154
54 63 17
55 63 102
56 63 168
57 63 209
58 63 121
59 63 75
60 63 227
61 63 163
62 63 191
63 63 130
64 63 98
65 63 250
66 63 120
67 63 96
68 63 245
69 63 254
70 63 122
71 63 108
72 63 214
73 63 137
74 63 137
75 63 112
76 63 119
77 63 219
78 63 51
79 63 208
80 63 126
81 63 144
82 63 248
83 63 27
84 63 14
85 63 207
86 63 174
87 63 224
88 63 73
89 63 195
90 63 36
91 63 195
92 63 19
93 63 79
94 63 6
95 63 207
96 63 24
97 63 253
98 63 0
99 63 14

0 64 16
1 64 56
2 64 38
3 64 87
4 64 66
5 64 188
6 64 148
7 64 104
8 64 70
9 64 74
10 64 81
11 64 53
12 64 16
13 64 160
14 64 122
15 64 127
16 64 42
17 64 168
18 64 156
19 64 167
20 64 65
21 64 240
22 64 97
23 64 197
24 64 227
25 64 90
26 64 111
27 64 245
28 64 135
29 64 21
30 64 141
31 64 241
32 64 206
33 64 203
34 64 7
35 64 229
36 64 8
37 64 28
38 64 84
39 64 126
40 64 250
41 64 76
42 64 247
43 64 68
44 64 223
45 64 56
46 64 163
47 64 43
48 64 172
49 64 143
50 64 162
51 64 100
52 64 152
53 64 62
54 64 120
55 64 121
56 64 220
57 64 44
58 64 195
59 64 153
60 64 183
61 64 40
62 64 101
63 64 49
64 64 182
65 64 32
66 64 229
67 64 188
68 64 50
69 64 147
70 64 19
71 64 219
72 64 26
73 64 72
74 64 235
75 64 168
76 64 243
77 64 65
78 64 188
79 64 71
80 64 28
81 64 235
82 64 138
83 64 191
84 64 87
85 64 151
86 64 176
87 64 8
88 64 133
89 64 45
90 64 201
91 64 102
92 64 177
93 64 31
94 64 209
95 64 245
96 64 80
97 64 157
98 64 136
99 64 132

0 65 199
1 65 8
2 65 23
3 65 166
4 65 46
5 65 168
6 65 246
7 65 7
8 65 84
9 65 161
10 65 13
11 65 253
12 65 3
13 65 35
14 65 26
15 65 95
16 65 133
17 65 226
18 65 82
19 65 154
20 65 102
21 65 198
22 65 75
23 65 1
24 65 124
25 65 227
26 65 25
27 65 101
28 65 37
29 65 171
30 65 184
31 65 230
32 65 208
33 65 98
34 65 170
35 65 8
36 65 191
37 65 211
38 65 224
39 65 10
40 65 11
41 65 66
42 65 222
43 65 115
44 65 232
45 65 161
46 65 27
47 65 237
48 65 42
49 65 7
50 65 166
51 65 86
52 65 8
53 65 93
54 65 15
55 65 21
56 65 32
57 65 91
58 65 133
59 65 170
60 65 188
61 65 179
62 65 60
63 65 137
64 65 84
65 65 139
66 65 18
67 65 41
68 65 84
69 65 49
70 65 113
71 65 88
72 65 30
73 65 10
74 65 119
75 65 209
76 65 83
77 65 204
78 65 84
79 65 16
80 65 79
81 65 237
82 65 244
83 65 101
84 65 242
85 65 92
86 65 223
87 65 72
88 65 166
89 65 110
90 65 93
91 65 236
92 65 157
93 65 27
94 65 221
95 65 23
96 65 91
97 65 106
98 65 151
99 65 48

0 66 117
1 66 42
2 66 113
3 66 154
4 66 152
5 66 227
6 66 31
7 66 64
8 66 204
9 66 12
10 66 143
11 66 113
12 66 250
13 66 126
14 66 132
15 66 239
16 66 172
17 66 41
18 66 129
19 66 66
20 66 21
21 66 6
22 66 232
23 66 82
24 66 81
25 66 76
26 66 99
27 66 53
28 66 238
29 66 231
30 66 131
31 66 70
32 66 170
33 66 38
34 66 167
35 66 119
36 66 126
37 66 180
38 66 32
39 66 232
40 66 220
41 66 201
42 66 146
43 66 184
44 66 54
45 66 161
46 66 157
47 66 27
48 66 191
49 66 46
50 66 189
51 66 172
52 66 117
53 66 10
54 66 111
55 66 5
56 66 95
57 66 175
58 66 150
59 66 141
60 66 19
61 66 234
62 66 28
63 66 146
64 66 124
65 66 141
66 66 220
67 66 152
68 66 218
69 66 101
70 66 192
71 66 240
72 66 10
73 66 107
74 66 38
75 66 140
76 66 8
77 66 62
78 66 137
79 66 17
80 66 178
81 66 209
82 66 93
83 66 46
84 66 207
85 66 97
86 66 58
87 66 45
88 66 79
89 66 171
90 66 61
91 66 199
92 66 212
93 66 91
94 66 172
95 66 61
96 66 114
97 66 199
98 66 216
99 66 164

0 67 179
1 67 221
2 67 72
3 67 128
4 67 223
5 67 90
6 67 19
7 67 149
8 67 122
9 67 62
10 67 142
11 67 250
12 67 13
13 67 124
14 67 39
15 67 111
16 67 42
17 67 245
18 67 145
19 67 240
20 67 170
21 67 167
22 67 34
23 67 139
24 67 57
25 67 34
26 67 121
27 67 110
28 67 21
29 67 60
30 67 99
31 67 68
32 67 18
33 67 6
34 67 0
35 67 194
36 67 226
37 67 255
38 67 33
39 67 124
40 67 147
41 67 135
42 67 245
43 67 254
44 67 89
45 67 150
46 67 229
47 67 24
48 67 142
49 67 173
50 67 188
51 67 121
52 67 247
53 67 13
54 67 11
55 67 127
56 67 73
57 67 40
58 67 204
59 67 78
60 67 235
61 67 85
62 67 69
63 67 32
64 67 254
65 67 199
66 67 47
67 67 220
68 67 155
69 67 192
70 67 24
71 67 233
72 67 91
73 67 2
74 67 6
75 67 68
76 67 29
77 67 135
78 67 93
79 67 208
80 67 3
81 67 113
82 67 2
83 67 238
84 67 190
85 67 68
86 67 193
87 67 78
88 67 12
89 67 83
90 67 236
91 67 5
92 67 126
93 67 120
94 67 69
95 67 223
96 67 127
97 67 8
98 67 30
99 67 246

0 68 146
1 68 6
2 68 191
3 68 131
4 68 219
5 68 151
6 68 8
7 68 245
8 68 225
9 68 182
10 68 88
11 68 64
12 68 146
13 68 41
14 68 173
15 68 120
16 68 136
17 68 180
18 68 12
19 68 158
20 68 138
21 68 140
22 68 35
23 68 186
24 68 86
25 68 14
26 68 45
27 68 41
28 68 157
29 68 177
30 68 22
31 68 57
32 68 80
33 68 58
34 68 223
35 68 243
36 68 26
37 68 47
38 68 69
39 68 56
40 68 46
41 68 141
42 68 157
43 68 16
44 68 66
45 68 189
46 68 3
47 68 62
48 68 219
49 68 197
50 68 179
51 68 24
52 68 204
53 68 188
54 68 183
55 68 149
56 68 249
57 68 128
58 68 195
59 68 168
60 68 97
61 68 171
62 68 93
63 68 204
64 68 92
65 68 194
66 68 64
67 68 224
68 68 32
69 68 176
70 68 3
71 68 54
72 68 138
73 68 115
74 68 246
75 68 231
76 68 28
77 68 22
78 68 77
79 68 105
80 68 66
81 68 223
82 68 128
83 68 99
84 68 217
85 68 201
86 68 241
87 68 191
88 68 241
89 68 52
90 68 208
91 68 1
92 68 210
93 68 220
94 68 59
95 68 216
96 68 62
97 68 8
98 68 170
99 68 243

0 69 246
1 69 4
2 69 139
3 69 22
4 69 128
5 69 208
6 69 41
7 69 109
8 69 38
9 69 26
10 69 210
11 69 32
12 69 66
13 69 106
14 69 57
15 69 39
16 69 185
17 69 157
18 69 25
19 69 96
20 69 198
21 69 148
22 69 27
23 69 223
24 69 249
25 69 45
26 69 250
27 69 133
28 69 127
29 69 114
30 69 229
31 69 212
32 69 163
33 69 17
34 69 37
35 69 1
36 69 149
37 69 13
38 69 255
39 69 75
40 69 106
41 69 178
42 69 220
43 69 140
44 69 101
45 69 206
46 69 167
47 69 14
48 69 117
49 69 30
50 69 119
51 69 159
52 69 254
53 69 7
54 69 110
55 69 232
56 69 220
57 69 134
58 69 225
59 69 250
60 69 166
61 69 106
62 69 184
63 69 42
64 69 47
65 69 193
66 69 24
67 69 31
68 69 83
69 69 144
70 69 64
71 69 41
72 69 240
73 69 199
74 69 177
75 69 212
76 69 50
77 69 115
78 69 146
79 69 190
80 69 20
81 69 54
82 69 82
83 69 165
84 69 35
85 69 244
86 69 143
87 69 196
88 69 133
89 69 208
90 69 55
91 69 96
92 69 59
93 69 87
94 69 237
95 69 158
96 69 163
97 69 250
98 69 174
99 69 151

0 70 65
1 70 194
2 70 180
3 70 174
4 70 190
5 70 63
6 70 154
7 70 34
8 70 49
9 70 194
10 70 194
11 70 223
12 70 158
13 70 204
14 70 244
15 70 154
16 70 188
17 70 197
18 70 71
19 70 28
20 70 252
21 70 241
22 70 69
23 70 222
24 70 198
25 70 161
26 70 74
27 70 215
28 70 6
29 70 166
30 70 45
31 70 146
32 70 231
33 70 11
34 70 34
35 70 131
36 70 222
37 70 4
38 70 223
39 70 155
40 70 235
41 70 33
42 70 254
43 70 26
44 70 28
45 70 199
46 70 163
47 70 165
48 70 82
49 70 225
50 70 94
51 70 152
52 70 71
53 70 211
54 70 83
55 70 157
56 70 208
57 70 175
58 70 152
59 70 126
60 70 96
61 70 172
62 70 222
63 70 55
64 70 206
65 70 212
66 70 84
67 70 80
68 70 88
69 70 252
70 70 200
71 70 105
72 70 231
73 70 249
74 70 15
75 70 23
76 70 149
77 70 17
78 70 168
79 70 238
80 70 108
81 70 176
82 70 156
83 70 223
84 70 112
85 70 92
86 70 168
87 70 197
88 70 224
89 70 235
90 70 158
91 70 58
92 70 186
93 70 244
94 70 9
95 70 175
96 70 125
97 70 131
98 70 16
99 70 188

0 71 50
1 71 17
2 71 157
3 71 180
4 71 173
5 71 179
6 71 190
7 71 125
8 71 17
9 71 145
10 71 75
11 71 158
12 71 146
13 71 154
14 71 201
15 71 154
16 71 127
17 71 118
18 71 142
19 71 125
20 71 127
21 71 188
22 71 38
23 71 180
24 71 27
25 71 102
26 71 246
27 71 33
28 71 124
29 71 130
30 71 31
31 71 111
32 71 118
33 71 42
34 71 165
35 71 163
36 71 198
37 71 181
38 71 209
39 71 244
40 71 152
41 71 47
42 71 211
43 71 221
44 71 77
45 71 7
46 71 172
47 71 112
48 71 122
49 71 8
50 71 75
51 71 237
52 71 52
53 71 138
54 71 246
55 71 147
56 71 139
57 71 234
58 71 236
59 71 182
60 71 84
61 71 55
62 71 73
63 71 18
64 71 44
65 71 46
66 71 41
67 71 95
68 71 185
69 71 105
70 71 16
71 71 38
72 71 51
73 71 211
74 71 138
75 71 210
76 71 35
77 71 95
78 71 14
79 71 10
80 71 107
81 71 250
82 71 40
83 71 62
84 71 135
85 71 190
86 71 216
87 71 128
88 71 18
89 71 104
90 71 53
91 71 150
92 71 140
93 71 12
94 71 85
95 71 77
96 71 90
97 71 7
98 71 113
99 71 16

0 72 14
1 72 54
2 72 69
3 72 184
4 72 233
5 72 101
6 72 182
7 72 166
8 72 158
9 72 10
10 72 183
11 72 15
12 72 89
13 72 52
14 72 109
15 72 152
16 72 0
17 72 190
18 72 145
19 72 35
20 72 185
21 72 200
22 72 23
23 72 232
24 72 172
25 72 103
26 72 13
27 72 199
28 72 10
29 72 156
30 72 197
31 72 220
32 72 78
33 72 131
34 72 54
35 72 85
36 72 195
37 72 205
38 72 160
39 72 128
40 72 70
41 72 112
42 72 111
43 72 40
44 72 77
45 72 157
46 72 98
47 72 34
48 72 40
49 72 243
50 72 236
51 72 35
52 72 135
53 72 242
54 72 219
55 72 213
56 72 61
57 72 178
58 72 55
59 72 41
60 72 67
61 72 213
62 72 109
63 72 238
64 72 0
65 72 186
66 72 172
67 72 163
68 72 199
69 72 243
70 72 144
71 72 137
72 72 162
73 72 250
74 72 254
75 72 253
76 72 78
77 72 31
78 72 79
79 72 5
80 72 134
81 72 197
82 72 176
83 72 41
84 72 133
85 72 206
86 72 200
87 72 132
88 72 198
89 72 84
90 72 156
91 72 26
92 72 14
93 72 154
94 72 176
95 72 108
96 72 172
97 72 66
98 72 111
99 72 74

0 73 255
1 73 192
2 73 205
3 73 233
4 73 58
5 73 14
6 73 43
7 73 53
8 73 100
9 73 161
10 73 123
11 73 104
12 73 163
13 73 157
14 73 164
15 73 220
16 73 185
17 73 69
18 73 40
19 73 29
20 73 207
21 73 181
22 73 4
23 73 67
24 73 114
25 73 211
26 73 216
27 73 127
28 73 219
29 73 131
30 73 71
31 73 243
32 73 115
33 73 26
34 73 161
35 73 199
36 73 150
37 73 22
38 73 191
39 73 121
40 73 151
41 73 12
42 73 47
43 73 116
44 73 5
45 73 225
46 73 146
47 73 229
48 73 45
49 73 61
50 73 65
51 73 202
52 73 224
53 73 61
54 73 55
55 73 75
56 73 119
57 73 104
58 73 43
59 73 78
60 73 19
61 73 229
62 73 252
63 73 70
64 73 42
65 73 235
66 73 82
67 73 75
68 73 63
69 73 120
70 73 131
71 73 112
72 73 240
73 73 70
74 73 179
75 73 81
76 73 54
77 73 251
78 73 64
79 73 235
80 73 233
81 73 159
82 73 93
83 73 177
84 73 130
85 73 84
86 73 252
87 73 220
88 73 37
89 73 65
90 73 242
91 73 2
92 73 223
93 73 208
94 73 85
95 73 234
96 73 44
97 73 25
98 73 41
99 73 159

0 74 188
1 74 158
2 74 60
3 74 195
4 74 118
5 74 56
6 74 79
7 74 38
8 74 190
9 74 81
10 74 118
11 74 151
12 74 243
13 74 84
14 74 194
15 74 250
16 74 60
17 74 98
18 74 28
19 74 155
20 74 133
21 74 71
22 74 116
23 74 194
24 74 196
25 74 172
26 74 28
27 74 136
28 74 129
29 74 141
30 74 110
31 74 232
32 74 149
33 74 238
34 74 181
35 74 25
36 74 50
37 74 202
38 74 75
39 74 27
40 74 35
41 74 77
42 74 254
43 74 145
44 74 85
45 74 67
46 74 184
47 74 206
48 74 151
49 74 207
50 74 96
51 74 50
52 74 158
53 74 96
54 74 251
55 74 183
56 74 76
57 74 225
58 74 23
59 74 199
60 74 50
61 74 48
62 74 105
63 74 81
64 74 83
65 74 210
66 74 181
67 74 27
68 74 42
69 74 229
70 74 238
71 74 90
72 74 239
73 74 85
74 74 159
75 74 128
76 74 23
77 74 83
78 74 137
79 74 85
80 74 26
81 74 3
82 74 141
83 74 73
84 74 120
85 74 117
86 74 205
87 74 8
88 74 254
89 74 215
90 74 15
91 74 80
92 74 69
93 74 233
94 74 98
95 74 255
96 74 125
97 74 177
98 74 3
99 74 113

0 75 104
1 75 111
2 75 129
3 75 8
4 75 169
5 75 211
6 75 32
7 75 12
8 75 63
9 75 110
10 75 123
11 75 182
12 75 77
13 75 103
14 75 110
15 75 135
16 75 28
17 75 111
18 75 51
19 75 222
20 75 98
21 75 246
22 75 203
23 75 202
24 75 197
25 75 159
26 75 160
27 75 29
28 75 155
29 75 242
30 75 104
31 75 194
32 75 244
33 75 82
34 75 76
35 75 80
36 75 218
37 75 46
38 75 74
39 75 222
40 75 215
41 75 123
42 75 216
43 75 26
44 75 184
45 75 97
46 75 202
47 75 149
48 75 145
49 75 52
50 75 117
51 75 97
52 75 1
53 75 167
54 75 21
55 75 222
56 75 183
57 75 60
58 75 108
59 75 209
60 75 53
61 75 255
62 75 172
63 75 182
64 75 212
65 75 116
66 75 151
67 75 88
68 75 9
69 75 206
70 75 229
71 75 158
72 75 230
73 75 97
74 75 230
75 75 168
76 75 228
77 75 90
78 75 104
79 75 26
80 75 223
81 75 174
82 75 219
83 75 184
84 75 98
85 75 80
86 75 179
87 75 52
88 75 37
89 75 167
90 75 14
91 75 67
92 75 212
93 75 63
94 75 151
95 75 246
96 75 18
97 75 191
98 75 170
99 75 72

0 76 190
1 76 27
2 76 185
3 76 244
4 76 117
5 76 10
6 76 238
7 76 137
8 76 88
9 76 187
10 76 17
11 76 191
12 76 15
13 76 195
14 76 173
15 76 12
16 76 14
17 76 91
18 76 110
19 76 115
20 76 22
21 76 200
22 76 206
23 76 157
24 76 255
25 76 26
26 76 240
27 76 42
28 76 182
29 76 25
30 76 204
31 76 73
32 76 130
33 76 125
34 76 141
35 76 134
36 76 139
37 76 93
38 76 55
39 76 228
40 76 156
41 76 234
42 76 141
43 76 44
44 76 40
45 76 93
46 76 50
47 76 132
48 76 139
49 76 46
50 76 14
51 76 67
52 76 147
53 76 135
54 76 243
55 76 4
56 76 63
57 76 248
58 76 129
59 76 250
60 76 198
61 76 108
62 76 71
63 76 131
64 76 219
65 76 92
66 76 42
67 76 255
68 76 48
69 76 66
70 76 11
71 76 226
72 76 57
73 76 81
74 76 164
75 76 8
76 76 50
77 76 99
78 76 179
79 76 73
80 76 99
81 76 51
82 76 91
83 76 78
84 76 163
85 76 204
86 76 199
87 76 162
88 76 27
89 76 65
90 76 16
91 76 12
92 76 76
93 76 159
94 76 97
95 76 29
96 76 84
97 76 32
98 76 89
99 76 5

0 77 108
1 77 161
2 77 176
3 77 171
4 77 182
5 77 86
6 77 30
7 77 252
8 77 54
9 77 189
10 77 120
11 77 130
12 77 29
13 77 208
14 77 29
15 77 57
16 77 78
17 77 127
18 77 144
19 77 159
20 77 27
21 77 93
22 77 102
23 77 11
24 77 79
25 77 154
26 77 99
27 77 63
28 77 114
29 77 49
30 77 224
31 77 64
32 77 72
33 77 98
34 77 111
35 77 102
36 77 155
37 77 99
38 77 194
39 77 175
40 77 58
41 77 83
42 77 201
43 77 88
44 77 66
45 77 111
46 77 27
47 77 175
48 77 156
49 77 136
50 77 151
51 77 35
52 77 199
53 77 181
54 77 75
55 77 157
56 77 216
57 77 69
58 77 149
59 77 19
60 77 191
61 77 247
62 77 135
63 77 90
64 77 203
65 77 110
66 77 144
67 77 59
68 77 113
69 77 223
70 77 89
71 77 202
72 77 73
73 77 13
74 77 238
75 77 243
76 77 89
77 77 119
78 77 30
79 77 86
80 77 150
81 77 207
82 77 36
83 77 85
84 77 168
85 77 175
86 77 135
87 77 106
88 77 238
89 77 136
90 77 62
91 77 190
92 77 194
93 77 219
94 77 24
95 77 248
96 77 254
97 77 171
98 77 91
99 77 83

0 78 190
1 78 50
2 78 171
3 78 244
4 78 104
5 78 211
6 78 46
7 78 122
8 78 234
9 78 80
10 78 238
11 78 214
12 78 67
13 78 61
14 78 127
15 78 93
16 78 69
17 78 180
18 78 225
19 78 27
20 78 153
21 78 75
22 78 167
23 78 107
24 78 3
25 78 67
26 78 89
27 78 197
28 78 231
29 78 2
30 78 24
31 78 214
32 78 13
33 78 195
34 78 128
35 78 214
36 78 161
37 78 141
38 78 211
39 78 22
40 78 126
41 78 97
42 78 83
43 78 216
44 78 172
45 78 184
46 78 239
47 78 100
48 78 38
49 78 45
50 78 34
51 78 88
52 78 225
53 78 118
54 78 25
55 78 64
56 78 11
57 78 152
58 78 20
59 78 102
60 78 144
61 78 91
62 78 14
63 78 236
64 78 227
65 78 252
66 78 160
67 78 23
68 78 251
69 78 35
70 78 35
71 78 238
72 78 156
73 78 20
74 78 21
75 78 4
76 78 215
77 78 41
78 78 189
79 78 146
80 78 212
81 78 128
82 78 18
83 78 200
84 78 207
85 78 241
86 78 218
87 78 101
88 78 97
89 78 67
90 78 15
91 78 134
92 78 1
93 78 159
94 78 134
95 78 187
96 78 202
97 78 68
98 78 211
99 78 96

0 79 127
1 79 125
2 79 103
3 79 43
4 79 204
5 79 208
6 79 251
7 79 1
8 79 206
9 79 121
10 79 50
11 79 14
12 79 214
13 79 23
14 79 121
15 79 20
16 79 106
17 79 164
18 79 50
19 79 3
20 79 141
21 79 170
22 79 19
23 79 203
24 79 65
25 79 180
26 79 200
27 79 110
28 79 73
29 79 3
30 79 224
31 79 89
32 79 51
33 79 131
34 79 230
35 79 244
36 79 150
37 79 254
38 79 206
39 79 120
40 79 153
41 79 142
42 79 148
43 79 1
44 79 180
45 79 88
46 79 31
47 79 228
48 79 187
49 79 119
50 79 107
51 79 66
52 79 24
53 79 55
54 79 231
55 79 221
56 79 87
57 79 132
58 79 28
59 79 43
60 79 233
61 79 162
62 79 144
63 79 169
64 79 33
65 79 30
66 79 234
67 79 114
68 79 131
69 79 4
70 79 86
71 79 16
72 79 62
73 79 82
74 79 43
75 79 146
76 79 247
77 79 173
78 79 204
79 79 222
80 79 200
81 79 83
82 79 204
83 79 73
84 79 137
85 79 81
86 79 85
87 79 101
88 79 78
89 79 246
90 79 202
91 79 26
92 79 48
93 79 135
94 79 171
95 79 249
96 79 81
97 79 52
98 79 185
99 79 204

0 80 26
1 80 75
2 80 91
3 80 114
4 80 199
5 80 172
6 80 65
7 80 234
8 80 38
9 80 125
10 80 71
11 80 173
12 80 155
13 80 30
14 80 156
15 80 65
16 80 104
17 80 95
18 80 35
19 80 11
20 80 43
21 80 241
22 80 25
23 80 101
24 80 168
25 80 27
26 80 249
27 80 240
28 80 201
29 80 174
30 80 156
31 80 43
32 80 227
33 80 59
34 80 165
35 80 69
36 80 59
37 80 131
38 80 28
39 80 48
40 80 201
41 80 47
42 80 89
43 80 247
44 80 60
45 80 194
46 80 36
47 80 81
48 80 62
49 80 203
50 80 26
51 80 118
52 80 248
53 80 95
54 80 83
55 80 49
56 80 217
57 80 198
58 80 65
59 80 55
60 80 147
61 80 117
62 80 219
63 80 183
64 80 103
65 80 60
66 80 251
67 80 50
68 80 163
69 80 193
70 80 5
71 80 141
72 80 105
73 80 45
74 80 202
75 80 101
76 80 177
77 80 37
78 80 172
79 80 162
80 80 145
81 80 252
82 80 2
83 80 79
84 80 189
85 80 39
86 80 190
87 80 169
88 80 74
89 80 241
90 80 77
91 80 117
92 80 183
93 80 112
94 80 190
95 80 151
96 80 45
97 80 183
98 80 39
99 80 225

0 81 6
1 81 77
2 81 68
3 81 41
4 81 141
5 81 222
6 81 98
7 81 158
8 81 4
9 81 49
10 81 123
11 81 92
12 81 236
13 81 90
14 81 163
15 81 61
16 81 128
17 81 49
18 81 162
19 81 242
20 81 131
21 81 2
22 81 227
23 81 83
24 81 59
25 81 134
26 81 141
27 81 244
28 81 190
29 81 18
30 81 239
31 81 249
32 81 108
33 81 15
34 81 33
35 81 43
36 81 189
37 81 170
38 81 232
39 81 75
40 81 61
41 81 204
42 81 219
43 81 166
44 81 212
45 81 77
46 81 196
47 81 233
48 81 75
49 81 101
50 81 73
51 81 55
52 81 12
53 81 99
54 81 204
55 81 121
56 81 41
57 81 161
58 81 143
59 81 245
60 81 160
61 81 183
62 81 28
63 81 35
64 81 222
65 81 239
66 81 228
67 81 187
68 81 129
69 81 249
70 81 38
71 81 19
72 81 98
73 81 224
74 81 18
75 81 168
76 81 211
77 81 61
78 81 47
79 81 250
80 81 37
81 81 171
82 81 250
83 81 158
84 81 110
85 81 122
86 81 208
87 81 142
88 81 136
89 81 168
90 81 13
91 81 195
92 81 93
93 81 12
94 81 118
95 81 6
96 81 98
97 81 213
98 81 212
99 81 3

0 82 98
1 82 51
2 82 226
3 82 159
4 82 125
5 82 84
6 82 105
7 82 139
8 82 112
9 82 146
10 82 170
11 82 25
12 82 23
13 82 235
14 82 252
15 82 79
16 82 48
17 82 177
18 82 182
19 82 59
20 82 97
21 82 130
22 82 79
23 82 133
24 82 125
25 82 123
26 82 196
27 82 75
28 82 3
29 82 169
30 82 58
31 82 40
32 82 231
33 82 192
34 82 229
35 82 150
36 82 149
37 82 16
38 82 40
39 82 119
40 82 52
41 82 180
42 82 254
43 82 238
44 82 39
45 82 13
46 82 152
47 82 115
48 82 218
49 82 111
50 82 72
51 82 39
52 82 187
53 82 25
54 82 157
55 82 100
56 82 134
57 82 107
58 82 208
59 82 153
60 82 198
61 82 83
62 82 94
63 82 85
64 82 153
65 82 9
66 82 247
67 82 161
68 82 179
69 82 252
70 82 151
71 82 147
72 82 165
73 82 12
74 82 243
75 82 32
76 82 95
77 82 249
78 82 22
79 82 50
80 82 244
81 82 27
82 82 76
83 82 250
84 82 158
85 82 84
86 82 63
87 82 136
88 82 2
89 82 68
90 82 96
91 82 153
92 82 181
93 82 187
94 82 136
95 82 176
96 82 254
97 82 116
98 82 223
99 82 104

0 83 222
1 83 0
2 83 254
3 83 8
4 83 77
5 83 0
6 83 80
7 83 88
8 83 199
9 83 151
10 83 190
11 83 179
12 83 7
13 83 31
14 83 139
15 83 94
16 83 19
17 83 27
18 83 124
19 83 24
20 83 120
21 83 109
22 83 61
23 83 242
24 83 215
25 83 202
26 83 0
27 83 97
28 83 160
29 83 106
30 83 103
31 83 146
32 83 30
33 83 4
34 83 164
35 83 253
36 83 180
37 83 249
38 83 223
39 83 61
40 83 102
41 83 208
42 83 215
43 83 31
44 83 154
45 83 226
46 83 205
47 83 249
48 83 32
49 83 86
50 83 158
51 83 61
52 83 113
53 83 80
54 83 47
55 83 77
56 83 52
57 83 102
58 83 13
59 83 145
60 83 7
61 83 84
62 83 85
63 83 200
64 83 123
65 83 240
66 83 210
67 83 155
68 83 96
69 83 96
70 83 102
71 83 120
72 83 68
73 83 138
74 83 171
75 83 157
76 83 54
77 83 204
78 83 217
79 83 115
80 83 208
81 83 237
82 83 235
83 83 30
84 83 116
85 83 84
86 83 253
87 83 82
88 83 213
89 83 120
90 83 249
91 83 104
92 83 185
93 83 152
94 83 114
95 83 177
96 83 254
97 83 172
98 83 208
99 83 10

0 84 219
1 84 155
2 84 174
3 84 176
4 84 105
5 84 174
6 84 128
7 84 86
8 84 98
9 84 69
10 84 121
11 84 117
12 84 40
13 84 201
14 84 172
15 84 228
16 84 9
17 84 225
18 84 113
19 84 168
20 84 193
21 84 233
22 84 10
23 84 13
24 84 64
25 84 160
26 84 134
27 84 246
28 84 174
29 84 32
30 84 230
31 84 113
32 84 173
33 84 20
34 84 127
35 84 142
36 84 222
37 84 37
38 84 159
39 84 114
40 84 166
41 84 181
42 84 115
43 84 167
44 84 50
45 84 208
46 84 40
47 84 182
48 84 184
49 84 95
50 84 81
51 84 248
52 84 0
53 84 159
54 84 137
55 84 169
56 84 36
57 84 210
58 84 89
59 84 62
60 84 148
61 84 53
62 84 92
63 84 248
64 84 92
65 84 49
66 84 160
67 84 186
68 84 170
69 84 213
70 84 80
71 84 24
72 84 138
73 84 132
74 84 144
75 84 176
76 84 245
77 84 235
78 84 169
79 84 189
80 84 10
81 84 54
82 84 102
83 84 233
84 84 155
85 84 132
86 84 190
87 84 99
88 84 235
89 84 152
90 84 178
91 84 50
92 84 182
93 84 209
94 84 121
95 84 201
96 84 114
97 84 92
98 84 219
99 84 219

0 85 213
1 85 168
2 85 219
3 85 112
4 85 151
5 85 26
6 85 152
7 85 57
8 85 121
9 85 3
10 85 117
11 85 32
12 85 134
13 85 207
14 85 120
15 85 36
16 85 153
17 85 127
18 85 240
19 85 100
20 85 31
21 85 89
22 85 91
23 85 121
24 85 30
25 85 221
26 85 134
27 85 9
28 85 119
29 85 252
30 85 246
31 85 153
32 85 104
33 85 133
34 85 135
35 85 163
36 85 84
37 85 224
38 85 83
39 85 233
40 85 199
41 85 254
42 85 213
43 85 8
44 85 181
45 85 144
46 85 79
47 85 80
48 85 2
49 85 119
50 85 104
51 85 211
52 85 71
53 85 124
54 85 26
55 85 188
56 85 212
57 85 66
58 85 203
59 85 227
60 85 241
61 85 120
62 85 186
63 85 158
64 85 106
65 85 83
66 85 157
67 85 217
68 85 74
69 85 60
70 85 137
71 85 105
72 85 230
73 85 198
74 85 17
75 85 157
76 85 29
77 85 226
78 85 178
79 85 22
80 85 223
81 85 86
82 85 111
83 85 217
84 85 236
85 85 107
86 85 184
87 85 163
88 85 222
89 85 230
90 85 144
91 85 125
92 85 106
93 85 58
94 85 239
95 85 143
96 85 227
97 85 252
98 85 101
99 85 57

0 86 255
1 86 151
2 86 1
3 86 96
4 86 222
5 86 65
6 86 113
7 86 6
8 86 72
9 86 46
10 86 106
11 86 30
12 86 55
13 86 3
14 86 75
15 86 158
16 86 149
17 86 141
18 86 253
19 86 213
20 86 70
21 86 179
22 86 29
23 86 255
24 86 105
25 86 169
26 86 93
27 86 23
28 86 219
29 86 103
30 86 39
31 86 236
32 86 253
33 86 90
34 86 132
35 86 119
36 86 184
37 86 89
38 86 61
39 86 108
40 86 190
41 86 218
42 86 64
43 86 15
44 86 18
45 86 102
46 86 68
47 86 73
48 86 202
49 86 74
50 86 176
51 86 251
52 86 20
53 86 144
54 86 185
55 86 146
56 86 119
57 86 45
58 86 203
59 86 220
60 86 91
61 86 124
62 86 43
63 86 26
64 86 204
65 86 235
66 86 218
67 86 86
68 86 123
69 86 245
70 86 188
71 86 246
72 86 5
73 86 80
74 86 249
75 86 146
76 86 120
77 86 103
78 86 164
79 86 3
80 86 20
81 86 10
82 86 155
83 86 188
84 86 78
85 86 100
86 86 174
87 86 94
88 86 27
89 86 46
90 86 3
91 86 134
92 86 106
93 86 35
94 86 184
95 86 233
96 86 242
97 86 180
98 86 203
99 86 164

0 87 47
1 87 252
2 87 55
3 87 205
4 87 167
5 87 246
6 87 96
7 87 78
8 87 114
9 87 238
10 87 177
11 87 243
12 87 249
13 87 53
14 87 132
15 87 193
16 87 254
17 87 25
18 87 66
19 87 138
20 87 221
21 87 20
22 87 203
23 87 190
24 87 17
25 87 68
26 87 24
27 87 132
28 87 249
29 87 27
30 87 31
31 87 9
32 87 220
33 87 88
34 87 246
35 87 24
36 87 44
37 87 54
38 87 60
39 87 236
40 87 7
41 87 227
42 87 181
43 87 66
44 87 3
45 87 51
46 87 52
47 87 178
48 87 43
49 87 150
50 87 190
51 87 62
52 87 69
53 87 72
54 87 236
55 87 44
56 87 87
57 87 199
58 87 145
59 87 17
60 87 105
61 87 138
62 87 157
63 87 47
64 87 139
65 87 240
66 87 65
67 87 0
68 87 26
69 87 119
70 87 84
71 87 19
72 87 64
73 87 46
74 87 246
75 87 23
76 87 186
77 87 109
78 87 115
79 87 54
80 87 222
81 87 195
82 87 106
83 87 164
84 87 220
85 87 48
86 87 46
87 87 119
88 87 68
89 87 148
90 87 108
91 87 185
92 87 200
93 87 104
94 87 14
95 87 187
96 87 68
97 87 172
98 87 96
99 87 173

0 88 251
1 88 32
2 88 113
3 88 108
4 88 35
5 88 183
6 88 189
7 88 155
8 88 165
9 88 73
10 88 8
11 88 245
12 88 30
13 88 136
14 88 141
15 88 225
16 88 41
17 88 53
18 88 88
19 88 71
20 88 224
21 88 148
22 88 241
23 88 163
24 88 160
25 88 29
26 88 58
27 88 88
28 88 13
29 88 116
30 88 154
31 88 70
32 88 86
33 88 155
34 88 91
35 88 158
36 88 187
37 88 103
38 88 81
39 88 245
40 88 76
41 88 48
42 88 189
43 88 152
44 88 243
45 88 205
46 88 112
47 88 32
48 88 180
49 88 191
50 88 52
51 88 70
52 88 52
53 88 173
54 88 103
55 88 248
56 88 120
57 88 17
58 88 233
59 88 172
60 88 240
61 88 48
62 88 57
63 88 244
64 88 180
65 88 79
66 88 218
67 88 82
68 88 13
69 88 36
70 88 252
71 88 78
72 88 55
73 88 139
74 88 88
75 88 199
76 88 101
77 88 122
78 88 92
79 88 135
80 88 6
81 88 55
82 88 136
83 88 26
84 88 71
85 88 200
86 88 24
87 88 223
88 88 217
89 88 172
90 88 227
91 88 95
92 88 244
93 88 200
94 88 131
95 88 222
96 88 156
97 88 164
98 88 182
99 88 48

0 89 35
1 89 215
2 89 4
3 89 206
4 89 239
5 89 192
6 89 162
7 89 41
8 89 125
9 89 119
10 89 151
11 89 62
12 89 166
13 89 3
14 89 29
15 89 107
16 89 33
17 89 206
18 89 74
19 89 129
20 89 74
21 89 86
22 89 239
23 89 26
24 89 33
25 89 36
26 89 193
27 89 45
28 89 150
29 89 2
30 89 182
31 89 223
32 89 4
33 89 105
34 89 178
35 89 156
36 89 251
37 89 57
38 89 99
39 89 103
40 89 66
41 89 172
42 89 105
43 89 110
44 89 28
45 89 141
46 89 187
47 89 226
48 89 203
49 89 165
50 89 70
51 89 5
52 89 83
53 89 119
54 89 215
55 89 133
56 89 128
57 89 45
58 89 58
59 89 8
60 89 42
61 89 209
62 89 164
63 89 8
64 89 184
65 89 192
66 89 78
67 89 225
68 89 227
69 89 92
70 89 99
71 89 40
72 89 189
73 89 2
74 89 28
75 89 63
76 89 241
77 89 60
78 89 41
79 89 38
80 89 76
81 89 55
82 89 84
83 89 148
84 89 124
85 89 119
86 89 97
87 89 71
88 89 24
89 89 201
90 89 56
91 89 152
92 89 225
93 89 121
94 89 70
95 89 82
96 89 72
97 89 198
98 89 32
99 89 196

0 90 48
1 90 147
2 90 105
3 90 21
4 90 244
5 90 95
6 90 247
7 90 216
8 90 172
9 90 119
10 90 49
11 90 224
12 90 172
13 90 106
14 90 187
15 90 86
16 90 78
17 90 190
18 90 86
19 90 8
20 90 242
21 90 225
22 90 1
23 90 4
24 90 66
25 90 98
26 90 100
27 90 102
28 90 187
29 90 97
30 90 111
31 90 110
32 90 105
33 90 69
34 90 63
35 90 214
36 90 241
37 90 173
38 90 65
39 90 98
40 90 213
41 90 168
42 90 153
43 90 184
44 90 244
45 90 40
46 90 197
47 90 114
48 90 80
49 90 180
50 90 125
51 90 114
52 90 20
53 90 94
54 90 222
55 90 117
56 90 214
57 90 245
58 90 200
59 90 235
60 90 25
61 90 123
62 90 133
63 90 7
64 90 22
65 90 217
66 90 171
67 90 18
68 90 188
69 90 210
70 90 67
71 90 4
72 90 245
73 90 54
74 90 42
75 90 85
76 90 43
77 90 88
78 90 184
79 90 17
80 90 11
81 90 193
82 90 160
83 90 43
84 90 136
85 90 38
86 90 23
87 90 19
88 90 35
89 90 152
90 90 57
91 90 138
92 90 106
93 90 251
94 90 168
95 90 182
96 90 191
97 90 185
98 90 118
99 90 113

0 91 91
1 91 184
2 91 69
3 91 231
4 91 147
5 91 137
6 91 172
7 91 96
8 91 89
9 91 226
10 91 221
11 91 90
12 91 5
13 91 78
14 91 133
15 91 219
16 91 86
17 91 35
18 91 244
19 91 5
20 91 179
21 91 180
22 91 126
23 91 235
24 91 183
25 91 201
26 91 33
27 91 163
28 91 237
29 91 76
30 91 104
31 91 157
32 91 216
33 91 69
34 91 142
35 91 50
36 91 55
37 91 9
38 91 231
39 91 128
40 91 134
41 91 173
42 91 124
43 91 118
44 91 200
45 91 193
46 91 245
47 91 43
48 91 132
49 91 59
50 91 189
51 91 116
52 91 14
53 91 178
54 91 96
55 91 181
56 91 7
57 91 205
58 91 56
59 91 247
60 91 39
61 91 250
62 91 72
63 91 59
64 91 58
65 91 99
66 91 104
67 91 14
68 91 105
69 91 30
70 91 163
71 91 94
72 91 187
73 91 163
74 91 221
75 91 140
76 91 220
77 91 132
78 91 184
79 91 194
80 91 28
81 91 88
82 91 185
83 91 135
84 91 186
85 91 248
86 91 167
87 91 145
88 91 99
89 91 239
90 91 52
91 91 218
92 91 246
93 91 43
94 91 224
95 91 246
96 91 138
97 91 249
98 91 25
99 91 163

0 92 178
1 92 48
2 92 167
3 92 162
4 92 0
5 92 171
6 92 71
7 92 197
8 92 199
9 92 253
10 92 150
11 92 74
12 92 37
13 92 97
14 92 49
15 92 103
16 92 65
17 92 240
18 92 27
19 92 38
20 92 210
21 92 23
22 92 95
23 92 115
24 92 225
25 92 71
26 92 246
27 92 115
28 92 207
29 92 238
30 92 234
31 92 24
32 92 153
33 92 167
34 92 188
35 92 243
36 92 91
37 92 173
38 92 4
39 92 73
40 92 19
41 92 150
42 92 87
43 92 104
44 92 168
45 92 62
46 92 109
47 92 59
48 92 43
49 92 1
50 92 131
51 92 29
52 92 92
53 92 45
54 92 255
55 92 235
56 92 112
57 92 182
58 92 83
59 92 93
60 92 17
61 92 44
62 92 35
63 92 150
64 92 167
65 92 235
66 92 170
67 92 249
68 92 214
69 92 146
70 92 90
71 92 63
72 92 71
73 92 182
74 92 194
75 92 198
76 92 172
77 92 215
78 92 181
79 92 44
80 92 254
81 92 146
82 92 169
83 92 29
84 92 9
85 92 25
86 92 93
87 92 105
88 92 43
89 92 225
90 92 191
91 92 90
92 92 89
93 92 154
94 92 12
95 92 68
96 92 98
97 92 100
98 92 57
99 92 93

0 93 120
1 93 64
2 93 146
3 93 207
4 93 236
5 93 196
6 93 161
7 93 12
8 93 57
9 93 20
10 93 81
11 93 98
12 93 68
13 93 13
14 93 83
15 93 207
16 93 226
17 93 195
18 93 193
19 93 22
20 93 155
21 93 46
22 93 1
23 93 18
24 93 174
25 93 32
26 93 237
27 93 75
28 93 84
29 93 122
30 93 48
31 93 199
32 93 73
33 93 160
34 93 243
35 93 35
36 93 137
37 93 42
38 93 186
39 93 226
40 93 87
41 93 221
42 93 136
43 93 4
44 93 132
45 93 217
46 93 74
47 93 218
48 93 238
49 93 19
50 93 114
51 93 26
52 93 71
53 93 6
54 93 227
55 93 47
56 93 24
57 93 166
58 93 13
59 93 210
60 93 5
61 93 150
62 93 89
63 93 222
64 93 82
65 93 154
66 93 199
67 93 96
68 93 166
69 93 79
70 93 213
71 93 238
72 93 15
73 93 26
74 93 164
75 93 59
76 93 71
77 93 94
78 93 86
79 93 232
80 93 54
81 93 242
82 93 186
83 93 156
84 93 183
85 93 210
86 93 43
87 93 86
88 93 159
89 93 20
90 93 181
91 93 2
92 93 252
93 93 30
94 93 122
95 93 75
96 93 154
97 93 23
98 93 84
99 93 177

0 94 204
1 94 155
2 94 188
3 94 219
4 94 104
5 94 179
6 94 235
7 94 46
8 94 20
9 94 4
10 94 62
11 94 158
12 94 192
13 94 70
14 94 223
15 94 196
16 94 116
17 94 248
18 94 162
19 94 49
20 94 76
21 94 82
22 94 45
23 94 3
24 94 193
25 94 124
26 94 92
27 94 182
28 94 41
29 94 253
30 94 228
31 94 60
32 94 129
33 94 118
34 94 54
35 94 79
36 94 107
37 94 144
38 94 166
39 94 6
40 94 115
41 94 51
42 94 204
43 94 166
44 94 150
45 94 249
46 94 42
47 94 187
48 94 5
49 94 226
50 94 16
51 94 104
52 94 38
53 94 73
54 94 189
55 94 252
56 94 220
57 94 22
58 94 199
59 94 197
60 94 8
61 94 54
62 94 189
63 94 41
64 94 80
65 94 72
66 94 10
67 94 242
68 94 31
69 94 153
70 94 28
71 94 234
72 94 236
73 94 83
74 94 198
75 94 168
76 94 192
77 94 241
78 94 227
79 94 169
80 94 242
81 94 246
82 94 61
83 94 163
84 94 53
85 94 223
86 94 173
87 94 21
88 94 214
89 94 86
90 94 131
91 94 35
92 94 62
93 94 168
94 94 39
95 94 161
96 94 190
97 94 121
98 94 1
99 94 110

0 95 140
1 95 183
2 95 151
3 95 3
4 95 8
5 95 204
6 95 245
7 95 75
8 95 68
9 95 24
10 95 82
11 95 182
12 95 196
13 95 158
14 95 240
15 95 137
16 95 130
17 95 253
18 95 68
19 95 120
20 95 53
21 95 163
22 95 87
23 95 118
24 95 211
25 95 61
26 95 108
27 95 204
28 95 85
29 95 113
30 95 227
31 95 104
32 95 186
33 95 208
34 95 93
35 95 120
36 95 78
37 95 6
38 95 33
39 95 56
40 95 44
41 95 84
42 95 191
43 95 8
44 95 2
45 95 65
46 95 243
47 95 194
48 95 20
49 95 140
50 95 203
51 95 74
52 95 132
53 95 100
54 95 12
55 95 103
56 95 208
57 95 219
58 95 211
59 95 209
60 95 156
61 95 153
62 95 120
63 95 139
64 95 178
65 95 205
66 95 183
67 95 114
68 95 71
69 95 106
70 95 18
71 95 23
72 95 128
73 95 143
74 95 113
75 95 202
76 95 52
77 95 70
78 95 12
79 95 247
80 95 244
81 95 114
82 95 138
83 95 182
84 95 72
85 95 3
86 95 106
87 95 157
88 95 60
89 95 108
90 95 163
91 95 216
92 95 27
93 95 87
94 95 135
95 95 124
96 95 123
97 95 151
98 95 237
99 95 25

0 96 121
1 96 94
2 96 143
3 96 143
4 96 70
5 96 176
6 96 177
7 96 34
8 96 227
9 96 23
10 96 4
11 96 208
12 96 40
13 96 153
14 96 201
15 96 225
16 96 11
17 96 231
18 96 57
19 96 193
20 96 31
21 96 215
22 96 37
23 96 11
24 96 91
25 96 20
26 96 218
27 96 230
28 96 29
29 96 20
30 96 71
31 96 148
32 96 110
33 96 75
34 96 98
35 96 72
36 96 136
37 96 159
38 96 199
39 96 56
40 96 150
41 96 27
42 96 162
43 96 244
44 96 186
45 96 231
46 96 208
47 96 246
48 96 84
49 96 120
50 96 65
51 96 122
52 96 130
53 96 4
54 96 161
55 96 144
56 96 227
57 96 57
58 96 55
59 96 111
60 96 161
61 96 46
62 96 13
63 96 12
64 96 174
65 96 154
66 96 81
67 96 235
68 96 77
69 96 68
70 96 251
71 96 53
72 96 213
73 96 186
74 96 176
75 96 12
76 96 177
77 96 70
78 96 230
79 96 27
80 96 172
81 96 30
82 96 74
83 96 113
84 96 108
85 96 219
86 96 94
87 96 143
88 96 59
89 96 44
90 96 103
91 96 191
92 96 14
93 96 204
94 96 134
95 96 168
96 96 191
97 96 177
98 96 37
99 96 32

0 97 158
1 97 135
2 97 148
3 97 65
4 97 40
5 97 92
6 97 244
7 97 191
8 97 22
9 97 157
10 97 85
11 97 120
12 97 154
13 97 65
14 97 27
15 97 77
16 97 229
17 97 68
18 97 166
19 97 49
20 97 236
21 97 87
22 97 50
23 97 127
24 97 108
25 97 214
26 97 251
27 97 145
28 97 43
29 97 250
30 97 165
31 97 142
32 97 130
33 97 80
34 97 220
35 97 131
36 97 24
37 97 105
38 97 56
39 97 182
40 97 240
41 97 211
42 97 99
43 97 55
44 97 166
45 97 73
46 97 125
47 97 183
48 97 245
49 97 39
50 97 191
51 97 157
52 97 125
53 97 33
54 97 95
55 97 87
56 97 195
57 97 51
58 97 180
59 97 238
60 97 122
61 97 219
62 97 155
63 97 222
64 97 1
65 97 135
66 97 25
67 97 36
68 97 44
69 97 73
70 97 66
71 97 152
72 97 71
73 97 210
74 97 89
75 97 125
76 97 88
77 97 158
78 97 56
79 97 87
80 97 165
81 97 108
82 97 242
83 97 252
84 97 118
85 97 241
86 97 184
87 97 238
88 97 28
89 97 205
90 97 249
91 97 232
92 97 50
93 97 190
94 97 205
95 97 183
96 97 35
97 97 20
98 97 148
99 97 75

0 98 237
1 98 101
2 98 218
3 98 14
4 98 36
5 98 129
6 98 127
7 98 117
8 98 57
9 98 168
10 98 20
11 98 212
12 98 252
13 98 251
14 98 135
15 98 118
16 98 96
17 98 49
18 98 3
19 98 237
20 98 126
21 98 139
22 98 18
23 98 167
24 98 221
25 98 10
26 98 5
27 98 194
28 98 241
29 98 223
30 98 149
31 98 33
32 98 225
33 98 35
34 98 202
35 98 192
36 98 142
37 98 200
38 98 28
39 98 68
40 98 208
41 98 208
42 98 217
43 98 215
44 98 2
45 98 188
46 98 198
47 98 50
48 98 194
49 98 72
50 98 9
51 98 251
52 98 242
53 98 85
54 98 70
55 98 82
56 98 2
57 98 39
58 98 9
59 98 167
60 98 114
61 98 208
62 98 100
63 98 206
64 98 146
65 98 236
66 98 217
67 98 85
68 98 141
69 98 143
70 98 121
71 98 21
72 98 165
73 98 124
74 98 78
75 98 7
76 98 192
77 98 152
78 98 247
79 98 89
80 98 36
81 98 158
82 98 146
83 98 193
84 98 127
85 98 19
86 98 223
87 98 18
88 98 42
89 98 125
90 98 161
91 98 13
92 98 174
93 98 208
94 98 72
95 98 121
96 98 136
97 98 41
98 98 206
99 98 118

0 99 41
1 99 190
2 99 223
3 99 14
4 99 65
5 99 21
6 99 60
7 99 13
8 99 61
9 99 117
10 99 97
11 99 18
12 99 14
13 99 155
14 99 102
15 99 231
16 99 45
17 99 173
18 99 35
19 99 14
20 99 220
21 99 116
22 99 151
23 99 156
24 99 174
25 99 197
26 99 139
27 99 75
28 99 73
29 99 64
30 99 114
31 99 202
32 99 107
33 99 62
34 99 148
35 99 87
36 99 43
37 99 4
38 99 107
39 99 144
40 99 130
41 99 61
42 99 77
43 99 134
44 99 9
45 99 167
46 99 76
47 99 20
48 99 4
49 99 12
50 99 91
51 99 111
52 99 160
53 99 116
54 99 178
55 99 253
56 99 121
57 99 153
58 99 115
59 99 107
60 99 95
61 99 155
62 99 141
63 99 250
64 99 90
65 99 245
66 99 224
67 99 25
68 99 235
69 99 176
70 99 163
71 99 57
72 99 149
73 99 214
74 99 3
75 99 221
76 99 156
77 99 42
78 99 13
79 99 240
80 99 13
81 99 22
82 99 206
83 99 92
84 99 254
85 99 229
86 99 185
87 99 216
88 99 23
89 99 50
90 99 73
91 99 1
92 99 82
93 99 160
94 99 231
95 99 173
96 99 254
97 99 204
98 99 13
99 99 124

