0 0 28
1 0 165
2 0 42
3 0 109
4 0 163
5 0 182
6 0 76
7 0 75
8 0 120
9 0 30
10 0 153
11 0 20
12 0 74
13 0 104
14 0 192
15 0 207
16 0 206
17 0 255
18 0 210
19 0 84
20 0 75
21 0 158
22 0 235
23 0 97
24 0 92
25 0 9
26 0 21
27 0 233
28 0 242
29 0 251
30 0 105
31 0 175
32 0 152
33 0 95
34 0 120
35 0 20
36 0 251
37 0 194
38 0 233
39 0 45
40 0 169
41 0 9
42 0 99
43 0 25
44 0 25
45 0 95
46 0 173
47 0 146
48 0 236
49 0 114
50 0 19
51 0 193
52 0 114
53 0 223
54 0 12
55 0 87
56 0 112
57 0 234
58 0 27
59 0 217
60 0 32
61 0 115
62 0 243
63 0 59
64 0 122
65 0 38
66 0 222
67 0 177
68 0 178
69 0 241
70 0 95
71 0 194
72 0 2
73 0 187
74 0 22
75 0 158
76 0 169
77 0 83
78 0 229
79 0 177
80 0 52
81 0 166
82 0 81
83 0 120
84 0 252
85 0 54
86 0 43
87 0 148
88 0 240
89 0 199
90 0 111
91 0 29
92 0 148
93 0 91
94 0 108
95 0 56
96 0 74
97 0 97
98 0 37
99 0 236

0 1 209
1 1 42
2 1 248
3 1 49
4 1 11
5 1 156
6 1 125
7 1 74
8 1 3
9 1 42
10 1 177
11 1 85
12 1 46
13 1 4
14 1 84
15 1 33
16 1 241
17 1 138
18 1 143
19 1 63
20 1 100
21 1 7
22 1 218
23 1 92
24 1 86
25 1 156
26 1 29
27 1 206
28 1 145
29 1 122
30 1 21
31 1 108
32 1 94
33 1 84
34 1 250
35 1 163
36 1 76
37 1 21
38 1 95
39 1 198
40 1 46
41 1 206
42 1 89
43 1 166
44 1 99
45 1 242
46 1 227
47 1 99
48 1 90
49 1 197
50 1 129
51 1 129
52 1 84
53 1 18
54 1 36
55 1 62
56 1 108
57 1 28
58 1 78
59 1 35
60 1 213
61 1 216
62 1 118
63 1 218
64 1 100
65 1 89
66 1 174
67 1 63
68 1 78
69 1 140
70 1 131
71 1 185
72 1 50
73 1 37
74 1 37
75 1 203
76 1 90
77 1 217
78 1 200
79 1 230
80 1 62
81 1 206
82 1 73
83 1 130
84 1 73
85 1 80
86 1 21
87 1 109
88 1 224
89 1 197
90 1 71
91 1 98
92 1 161
93 1 227
94 1 16
95 1 221
96 1 232
97 1 32
98 1 92
99 1 46

0 2 152
1 2 106
2 2 178
3 2 204
4 2 24
5 2 25
6 2 92
7 2 237
8 2 155
9 2 34
10 2 201
11 2 83
12 2 165
13 2 141
14 2 47
15 2 105
16 2 203
17 2 41
18 2 116
19 2 142
20 2 186
21 2 126
22 2 79
23 2 177
24 2 122
25 2 3
26 2 171
27 2 30
28 2 244
29 2 145
30 2 76
31 2 151
32 2 178
33 2 24
34 2 180
35 2 167
36 2 231
37 2 145
38 2 72
39 2 51
40 2 175
41 2 51
42 2 175
43 2 82
44 2 151
45 2 234
46 2 123
47 2 95
48 2 96
49 2 5
50 2 11
51 2 76
52 2 0
53 2 46
54 2 175
55 2 56
56 2 234
57 2 160
58 2 14
59 2 68
60 2 143
61 2 148
62 2 197
63 2 163
64 2 37
65 2 252
66 2 81
67 2 241
68 2 167
69 2 116
70 2 47
71 2 198
72 2 29
73 2 118
74 2 65
75 2 138
76 2 29
77 2 205
78 2 116
79 2 139
80 2 146
81 2 76
82 2 160
83 2 76
84 2 188
85 2 191
86 2 176
87 2 33
88 2 120
89 2 34
90 2 2
91 2 248
92 2 194
93 2 17
94 2 17
95 2 122
96 2 120
97 2 128
98 2 81
99 2 83

0 3 96
1 3 172
2 3 90
3 3 205
4 3 109
5 3 81
6 3 73
7 3 164
8 3 62
9 3 30
10 3 99
11 3 22
12 3 232
13 3 102
14 3 252
15 3 57
16 3 245
17 3 24
18 3 152
19 3 145
20 3 173
21 3 241
22 3 79
23 3 226
24 3 148
25 3 240
26 3 118
27 3 67
28 3 51
29 3 11
30 3 123
31 3 116
32 3 27
33 3 32
34 3 17
35 3 113
36 3 40
37 3 46
38 3 141
39 3 71
40 3 3
41 3 197
42 3 144
43 3 39
44 3 234
45 3 187
46 3 231
47 3 185
48 3 180
49 3 33
50 3 175
51 3 178
52 3 15
53 3 117
54 3 189
55 3 169
56 3 13
57 3 25
58 3 61
59 3 39
60 3 223
61 3 4
62 3 152
63 3 253
64 3 224
65 3 184
66 3 156
67 3 218
68 3 213
69 3 116
70 3 215
71 3 28
72 3 114
73 3 170
74 3 67
75 3 231
76 3 33
77 3 179
78 3 41
79 3 116
80 3 0
81 3 194
82 3 63
83 3 172
84 3 40
85 3 23
86 3 19
87 3 246
88 3 53
89 3 117
90 3 173
91 3 77
92 3 3
93 3 213
94 3 112
95 3 149
96 3 181
97 3 92
98 3 66
99 3 47

0 4 252
1 4 139
2 4 237
3 4 203
4 4 150
5 4 182
6 4 196
7 4 125
8 4 20
9 4 183
10 4 137
11 4 20
12 4 225
13 4 227
14 4 142
15 4 167
16 4 128
17 4 61
18 4 27
19 4 112
20 4 21
21 4 234
22 4 16
23 4 221
24 4 39
25 4 229
26 4 203
27 4 229
28 4 164
29 4 244
30 4 76
31 4 153
32 4 37
33 4 219
34 4 151
35 4 251
36 4 116
37 4 207
38 4 90
39 4 18
40 4 76
41 4 45
42 4 208
43 4 62
44 4 95
45 4 108
46 4 229
47 4 202
48 4 157
49 4 81
50 4 155
51 4 192
52 4 180
53 4 97
54 4 172
55 4 1
56 4 211
57 4 156
58 4 113
59 4 148
60 4 180
61 4 104
62 4 2
63 4 63
64 4 217
65 4 204
66 4 159
67 4 84
68 4 22
69 4 222
70 4 79
71 4 206
72 4 79
73 4 127
74 4 198
75 4 156
76 4 131
77 4 69
78 4 140
79 4 61
80 4 9
81 4 185
82 4 92
83 4 141
84 4 26
85 4 195
86 4 203
87 4 223
88 4 144
89 4 98
90 4 42
91 4 75
92 4 237
93 4 160
94 4 172
95 4 74
96 4 159
97 4 198
98 4 204
99 4 128

0 5 131
1 5 204
2 5 233
3 5 216
4 5 167
5 5 19
6 5 51
7 5 214
8 5 84
9 5 87
10 5 203
11 5 41
12 5 76
13 5 223
14 5 38
15 5 128
16 5 80
17 5 246
18 5 179
19 5 159
20 5 229
21 5 159
22 5 189
23 5 178
24 5 88
25 5 133
26 5 146
27 5 225
28 5 0
29 5 49
30 5 229
31 5 36
32 5 195
33 5 127
34 5 113
35 5 89
36 5 219
37 5 83
38 5 223
39 5 148
40 5 218
41 5 136
42 5 234
43 5 182
44 5 236
45 5 41
46 5 193
47 5 65
48 5 93
49 5 228
50 5 172
51 5 106
52 5 91
53 5 187
54 5 243
55 5 112
56 5 252
57 5 253
58 5 252
59 5 45
60 5 131
61 5 117
62 5 179
63 5 235
64 5 223
65 5 225
66 5 46
67 5 120
68 5 116
69 5 166
70 5 146
71 5 125
72 5 30
73 5 193
74 5 48
75 5 11
76 5 115
77 5 1
78 5 244
79 5 119
80 5 73
81 5 115
82 5 0
83 5 104
84 5 121
85 5 30
86 5 148
87 5 46
88 5 226
89 5 241
90 5 49
91 5 85
92 5 176
93 5 250
94 5 254
95 5 122
96 5 222
97 5 217
98 5 106
99 5 94

0 6 249
1 6 115
2 6 19
3 6 57
4 6 39
5 6 235
6 6 231
7 6 81
8 6 105
9 6 206
10 6 136
11 6 202
12 6 29
13 6 141
14 6 245
15 6 192
16 6 199
17 6 49
18 6 104
19 6 147
20 6 16
21 6 74
22 6 122
23 6 130
24 6 15
25 6 40
26 6 141
27 6 124
28 6 200
29 6 78
30 6 107
31 6 50
32 6 242
33 6 36
34 6 43
35 6 113
36 6 254
37 6 236
38 6 85
39 6 175
40 6 84
41 6 247
42 6 70
43 6 228
44 6 224
45 6 25
46 6 213
47 6 155
48 6 205
49 6 90
50 6 54
51 6 72
52 6 144
53 6 238
54 6 31
55 6 220
56 6 41
57 6 104
58 6 42
59 6 151
60 6 165
61 6 42
62 6 123
63 6 29
64 6 232
65 6 32
66 6 162
67 6 205
68 6 169
69 6 174
70 6 194
71 6 78
72 6 190
73 6 230
74 6 243
75 6 106
76 6 154
77 6 255
78 6 230
79 6 32
80 6 20
81 6 2
82 6 200
83 6 244
84 6 106
85 6 199
86 6 104
87 6 138
88 6 133
89 6 32
90 6 155
91 6 115
92 6 126
93 6 84
94 6 224
95 6 71
96 6 98
97 6 207
98 6 64
99 6 244

0 7 50
1 7 23
2 7 120
3 7 85
4 7 46
5 7 2
6 7 90
7 7 7
8 7 83
9 7 39
10 7 113
11 7 120
12 7 35
13 7 146
14 7 228
15 7 64
16 7 164
17 7 188
18 7 156
19 7 181
20 7 171
21 7 186
22 7 169
23 7 185
24 7 90
25 7 180
26 7 226
27 7 215
28 7 232
29 7 153
30 7 204
31 7 143
32 7 160
33 7 17
34 7 190
35 7 237
36 7 45
37 7 179
38 7 66
39 7 97
40 7 20
41 7 121
42 7 189
43 7 202
44 7 130
45 7 112
46 7 83
47 7 212
48 7 72
49 7 180
50 7 5
51 7 132
52 7 36
53 7 156
54 7 28
55 7 17
56 7 66
57 7 50
58 7 203
59 7 246
60 7 2
61 7 230
62 7 16
63 7 69
64 7 252
65 7 131
66 7 219
67 7 62
68 7 66
69 7 97
70 7 114
71 7 32
72 7 228
73 7 221
74 7 20
75 7 63
76 7 186
77 7 6
78 7 220
79 7 87
80 7 93
81 7 153
82 7 233
83 7 32
84 7 119
85 7 48
86 7 188
87 7 34
88 7 61
89 7 182
90 7 225
91 7 203
92 7 57
93 7 30
94 7 210
95 7 191
96 7 77
97 7 84
98 7 24
99 7 111

0 8 245
1 8 116
2 8 179
3 8 237
4 8 204
5 8 59
6 8 188
7 8 255
8 8 82
9 8 187
10 8 73
11 8 114
12 8 236
13 8 82
14 8 145
15 8 176
16 8 44
17 8 220
18 8 81
19 8 149
20 8 83
21 8 40
22 8 110
23 8 127
24 8 20
25 8 169
26 8 219
27 8 164
28 8 155
29 8 110
30 8 189
31 8 169
32 8 206
33 8 84
34 8 205
35 8 112
36 8 211
37 8 123
38 8 254
39 8 49
40 8 210
41 8 246
42 8 97
43 8 204
44 8 252
45 8 199
46 8 69
47 8 93
48 8 204
49 8 10
50 8 162
51 8 17
52 8 140
53 8 112
54 8 184
55 8 57
56 8 28
57 8 239
58 8 243
59 8 157
60 8 239
61 8 184
62 8 18
63 8 19
64 8 86
65 8 106
66 8 136
67 8 80
68 8 1
69 8 133
70 8 34
71 8 253
72 8 194
73 8 33
74 8 235
75 8 14
76 8 149
77 8 224
78 8 77
79 8 79
80 8 222
81 8 33
82 8 120
83 8 63
84 8 241
85 8 118
86 8 8
87 8 34
88 8 215
89 8 89
90 8 225
91 8 82
92 8 80
93 8 26
94 8 94
95 8 214
96 8 20
97 8 28
98 8 172
99 8 53

0 9 94
1 9 65
2 9 112
3 9 140
4 9 171
5 9 163
6 9 176
7 9 223
8 9 191
9 9 133
10 9 240
11 9 173
12 9 234
13 9 137
14 9 155
15 9 199
16 9 137
17 9 35
18 9 165
19 9 98
20 9 207
21 9 77
22 9 111
23 9 106
24 9 198
25 9 124
26 9 235
27 9 25
28 9 144
29 9 211
30 9 0
31 9 201
32 9 243
33 9 151
34 9 48
35 9 6
36 9 21
37 9 228
38 9 120
39 9 232
40 9 131
41 9 158
42 9 119
43 9 159
44 9 120
45 9 169
46 9 211
47 9 80
48 9 93
49 9 93
50 9 217
51 9 32
52 9 140
53 9 52
54 9 99
55 9 142
56 9 89
57 9 198
58 9 255
59 9 5
60 9 83
61 9 248
62 9 77
63 9 177
64 9 199
65 9 112
66 9 169
67 9 147
68 9 134
69 9 76
70 9 10
71 9 208
72 9 232
73 9 19
74 9 42
75 9 79
76 9 17
77 9 235
78 9 232
79 9 130
80 9 115
81 9 13
82 9 234
83 9 132
84 9 148
85 9 119
86 9 134
87 9 101
88 9 18
89 9 224
90 9 227
91 9 194
92 9 228
93 9 241
94 9 91
95 9 152
96 9 226
97 9 178
98 9 36
99 9 89

0 10 136
1 10 67
2 10 48
3 10 64
4 10 247
5 10 204
6 10 81
7 10 226
8 10 60
9 10 182
10 10 161
11 10 7
12 10 213
13 10 28
14 10 33
15 10 183
16 10 113
17 10 124
18 10 160
19 10 152
20 10 248
21 10 179
22 10 223
23 10 119
24 10 203
25 10 40
26 10 242
27 10 36
28 10 77
29 10 71
30 10 233
31 10 131
32 10 162
33 10 49
34 10 176
35 10 224
36 10 183
37 10 177
38 10 52
39 10 131
40 10 130
41 10 115
42 10 199
43 10 132
44 10 139
45 10 112
46 10 198
47 10 225
48 10 171
49 10 173
50 10 121
51 10 206
52 10 19
53 10 37
54 10 58
55 10 76
56 10 145
57 10 3
58 10 218
59 10 253
60 10 15
61 10 21
62 10 64
63 10 55
64 10 93
65 10 126
66 10 83
67 10 87
68 10 48
69 10 171
70 10 27
71 10 88
72 10 106
73 10 136
74 10 34
75 10 164
76 10 155
77 10 243
78 10 33
79 10 41
80 10 200
81 10 113
82 10 216
83 10 176
84 10 108
85 10 31
86 10 62
87 10 106
88 10 189
89 10 236
90 10 218
91 10 204
92 10 48
93 10 6
94 10 113
95 10 157
96 10 63
97 10 146
98 10 225
99 10 78

0 11 106
1 11 160
2 11 77
3 11 137
4 11 124
5 11 94
6 11 122
7 11 12
8 11 15
9 11 139
10 11 121
11 11 184
12 11 82
13 11 47
14 11 135
15 11 229
16 11 10
17 11 138
18 11 49
19 11 249
20 11 215
21 11 74
22 11 188
23 11 57
24 11 185
25 11 1
26 11 195
27 11 223
28 11 210
29 11 213
30 11 34
31 11 108
32 11 110
33 11 122
34 11 19
35 11 63
36 11 64
37 11 93
38 11 151
39 11 103
40 11 238
41 11 34
42 11 24
43 11 182
44 11 209
45 11 81
46 11 76
47 11 22
48 11 246
49 11 76
50 11 92
51 11 32
52 11 104
53 11 133
54 11 70
55 11 235
56 11 177
57 11 237
58 11 128
59 11 34
60 11 158
61 11 176
62 11 222
63 11 90
64 11 67
65 11 31
66 11 181
67 11 162
68 11 63
69 11 237
70 11 65
71 11 91
72 11 65
73 11 159
74 11 68
75 11 74
76 11 203
77 11 62
78 11 240
79 11 235
80 11 54
81 11 79
82 11 7
83 11 8
84 11 247
85 11 5
86 11 65
87 11 139
88 11 32
89 11 180
90 11 238
91 11 145
92 11 42
93 11 137
94 11 220
95 11 191
96 11 241
97 11 121
98 11 123
99 11 217

0 12 0
1 12 119
2 12 63
3 12 144
4 12 15
5 12 234
6 12 70
7 12 156
8 12 202
9 12 94
10 12 59
11 12 11
12 12 212
13 12 121
14 12 122
15 12 217
16 12 12
17 12 49
18 12 116
19 12 192
20 12 15
21 12 61
22 12 85
23 12 81
24 12 254
25 12 201
26 12 229
27 12 68
28 12 129
29 12 110
30 12 172
31 12 13
32 12 11
33 12 97
34 12 90
35 12 176
36 12 96
37 12 235
38 12 102
39 12 213
40 12 85
41 12 25
42 12 244
43 12 31
44 12 215
45 12 180
46 12 252
47 12 186
48 12 47
49 12 115
50 12 169
51 12 51
52 12 132
53 12 112
54 12 255
55 12 141
56 12 162
57 12 217
58 12 193
59 12 145
60 12 250
61 12 232
62 12 146
63 12 101
64 12 233
65 12 21
66 12 90
67 12 96
68 12 61
69 12 138
70 12 235
71 12 29
72 12 245
73 12 215
74 12 229
75 12 206
76 12 72
77 12 231
78 12 214
79 12 211
80 12 233
81 12 50
82 12 166
83 12 140
84 12 138
85 12 53
86 12 51
87 12 107
88 12 159
89 12 31
90 12 56
91 12 77
92 12 100
93 12 206
94 12 115
95 12 10
96 12 33
97 12 249
98 12 7
99 12 74

0 13 172
1 13 175
2 13 31
3 13 155
4 13 48
5 13 0
6 13 212
7 13 193
8 13 46
9 13 250
10 13 81
11 13 77
12 13 193
13 13 215
14 13 52
15 13 114
16 13 38
17 13 116
18 13 56
19 13 19
20 13 123
21 13 5
22 13 17
23 13 32
24 13 199
25 13 8
26 13 152
27 13 35
28 13 59
29 13 119
30 13 40
31 13 22
32 13 184
33 13 66
34 13 72
35 13 120
36 13 145
37 13 252
38 13 138
39 13 160
40 13 145
41 13 212
42 13 179
43 13 80
44 13 64
45 13 200
46 13 27
47 13 141
48 13 98
49 13 21
50 13 87
51 13 174
52 13 193
53 13 242
54 13 22
55 13 180
56 13 44
57 13 125
58 13 73
59 13 217
60 13 192
61 13 246
62 13 135
63 13 108
64 13 102
65 13 43
66 13 175
67 13 219
68 13 157
69 13 51
70 13 207
71 13 18
72 13 122
73 13 95
74 13 68
75 13 3
76 13 236
77 13 110
78 13 35
79 13 134
80 13 69
81 13 0
82 13 216
83 13 100
84 13 246
85 13 78
86 13 13
87 13 174
88 13 154
89 13 23
90 13 206
91 13 84
92 13 55
93 13 222
94 13 234
95 13 242
96 13 192
97 13 82
98 13 156
99 13 237

0 14 222
1 14 14
2 14 106
3 14 191
4 14 239
5 14 130
6 14 78
7 14 143
8 14 80
9 14 49
10 14 20
11 14 5
12 14 215
13 14 30
14 14 3
15 14 92
16 14 164
17 14 128
18 14 191
19 14 185
20 14 26
21 14 189
22 14 110
23 14 187
24 14 40
25 14 150
26 14 26
27 14 83
28 14 205
29 14 159
30 14 86
31 14 214
32 14 219
33 14 243
34 14 37
35 14 80
36 14 251
37 14 37
38 14 23
39 14 28
40 14 241
41 14 122
42 14 181
43 14 177
44 14 33
45 14 85
46 14 31
47 14 191
48 14 82
49 14 242
50 14 244
51 14 123
52 14 179
53 14 87
54 14 114
55 14 54
56 14 27
57 14 136
58 14 223
59 14 53
60 14 149
61 14 251
62 14 39
63 14 189
64 14 28
65 14 75
66 14 198
67 14 109
68 14 163
69 14 48
70 14 232
71 14 209
72 14 89
73 14 175
74 14 207
75 14 51
76 14 42
77 14 142
78 14 118
79 14 180
80 14 137
81 14 11
82 14 116
83 14 156
84 14 109
85 14 206
86 14 34
87 14 239
88 14 153
89 14 27
90 14 0
91 14 65
92 14 33
93 14 76
94 14 85
95 14 202
96 14 42
97 14 127
98 14 22
99 14 189

0 15 241
1 15 140
2 15 9
3 15 214
4 15 15
5 15 58
6 15 42
7 15 50
8 15 251
9 15 178
10 15 78
11 15 100
12 15 208
13 15 51
14 15 6
15 15 197
16 15 80
17 15 8
18 15 198
19 15 11
20 15 41
21 15 183
22 15 71
23 15 30
24 15 120
25 15 124
26 15 41
27 15 39
28 15 140
29 15 245
30 15 221
31 15 233
32 15 236
33 15 31
34 15 194
35 15 84
36 15 155
37 15 129
38 15 142
39 15 87
40 15 154
41 15 167
42 15 240
43 15 247
44 15 175
45 15 210
46 15 116
47 15 158
48 15 101
49 15 238
50 15 166
51 15 181
52 15 84
53 15 196
54 15 122
55 15 116
56 15 162
57 15 113
58 15 235
59 15 249
60 15 202
61 15 23
62 15 227
63 15 152
64 15 156
65 15 210
66 15 91
67 15 115
68 15 134
69 15 238
70 15 195
71 15 74
72 15 17
73 15 87
74 15 164
75 15 148
76 15 174
77 15 80
78 15 132
79 15 206
80 15 179
81 15 104
82 15 10
83 15 19
84 15 161
85 15 170
86 15 98
87 15 237
88 15 168
89 15 21
90 15 227
91 15 107
92 15 109
93 15 76
94 15 239
95 15 115
96 15 10
97 15 142
98 15 27
99 15 90

0 16 86
1 16 231
2 16 144
3 16 178
4 16 104
5 16 168
6 16 178
7 16 99
8 16 86
9 16 22
10 16 255
11 16 254
12 16 66
13 16 95
14 16 57
15 16 77
16 16 152
17 16 210
18 16 199
19 16 47
20 16 145
21 16 78
22 16 89
23 16 162
24 16 252
25 16 251
26 16 203
27 16 34
28 16 61
29 16 57
30 16 76
31 16 50
32 16 150
33 16 214
34 16 191
35 16 56
36 16 165
37 16 132
38 16 97
39 16 141
40 16 46
41 16 138
42 16 172
43 16 213
44 16 27
45 16 185
46 16 124
47 16 140
48 16 193
49 16 162
50 16 113
51 16 226
52 16 101
53 16 6
54 16 148
55 16 201
56 16 255
57 16 142
58 16 61
59 16 76
60 16 61
61 16 188
62 16 52
63 16 34
64 16 203
65 16 34
66 16 22
67 16 131
68 16 210
69 16 210
70 16 250
71 16 58
72 16 191
73 16 21
74 16 85
75 16 252
76 16 69
77 16 96
78 16 27
79 16 248
80 16 165
81 16 131
82 16 39
83 16 175
84 16 45
85 16 36
86 16 221
87 16 6
88 16 254
89 16 108
90 16 14
91 16 153
92 16 19
93 16 0
94 16 27
95 16 83
96 16 127
97 16 51
98 16 94
99 16 60

0 17 246
1 17 122
2 17 197
3 17 145
4 17 143
5 17 32
6 17 192
7 17 26
8 17 200
9 17 58
10 17 94
11 17 184
12 17 203
13 17 222
14 17 179
15 17 62
16 17 240
17 17 144
18 17 124
19 17 129
20 17 130
21 17 253
22 17 6
23 17 179
24 17 198
25 17 236
26 17 75
27 17 236
28 17 57
29 17 113
30 17 94
31 17 10
32 17 26
33 17 99
34 17 10
35 17 187
36 17 40
37 17 17
38 17 182
39 17 216
40 17 173
41 17 49
42 17 140
43 17 245
44 17 187
45 17 25
46 17 219
47 17 54
48 17 182
49 17 50
50 17 185
51 17 100
52 17 18
53 17 169
54 17 236
55 17 63
56 17 94
57 17 103
58 17 11
59 17 22
60 17 130
61 17 68
62 17 224
63 17 150
64 17 69
65 17 119
66 17 17
67 17 224
68 17 18
69 17 81
70 17 255
71 17 222
72 17 251
73 17 44
74 17 239
75 17 214
76 17 254
77 17 158
78 17 104
79 17 63
80 17 135
81 17 242
82 17 219
83 17 212
84 17 55
85 17 216
86 17 138
87 17 232
88 17 228
89 17 91
90 17 162
91 17 249
92 17 225
93 17 20
94 17 170
95 17 135
96 17 127
97 17 157
98 17 33
99 17 38

0 18 211
1 18 73
2 18 99
3 18 211
4 18 186
5 18 18
6 18 205
7 18 132
8 18 27
9 18 211
10 18 33
11 18 3
12 18 108
13 18 184
14 18 44
15 18 251
16 18 120
17 18 242
18 18 166
19 18 83
20 18 95
21 18 175
22 18 89
23 18 188
24 18 222
25 18 73
26 18 134
27 18 134
28 18 208
29 18 189
30 18 132
31 18 184
32 18 245
33 18 96
34 18 170
35 18 95
36 18 243
37 18 205
38 18 111
39 18 38
40 18 154
41 18 34
42 18 208
43 18 39
44 18 108
45 18 108
46 18 242
47 18 1
48 18 93
49 18 95
50 18 9
51 18 43
52 18 215
53 18 75
54 18 120
55 18 136
56 18 1
57 18 75
58 18 58
59 18 59
60 18 65
61 18 192
62 18 128
63 18 188
64 18 0
65 18 253
66 18 155
67 18 43
68 18 173
69 18 68
70 18 29
71 18 229
72 18 4
73 18 242
74 18 59
75 18 86
76 18 144
77 18 246
78 18 118
79 18 14
80 18 110
81 18 135
82 18 123
83 18 22
84 18 85
85 18 23
86 18 71
87 18 132
88 18 211
89 18 130
90 18 142
91 18 77
92 18 217
93 18 140
94 18 94
95 18 91
96 18 122
97 18 138
98 18 0
99 18 223

0 19 240
1 19 95
2 19 31
3 19 233
4 19 224
5 19 170
6 19 43
7 19 54
8 19 223
9 19 62
10 19 0
11 19 72
12 19 52
13 19 211
14 19 195
15 19 188
16 19 223
17 19 251
18 19 13
19 19 217
20 19 219
21 19 87
22 19 76
23 19 101
24 19 161
25 19 10
26 19 102
27 19 188
28 19 237
29 19 110
30 19 159
31 19 35
32 19 196
33 19 6
34 19 188
35 19 89
36 19 182
37 19 180
38 19 104
39 19 111
40 19 97
41 19 44
42 19 216
43 19 218
44 19 54
45 19 169
46 19 171
47 19 199
48 19 128
49 19 223
50 19 20
51 19 174
52 19 161
53 19 48
54 19 58
55 19 42
56 19 159
57 19 34
58 19 223
59 19 8
60 19 224
61 19 17
62 19 64
63 19 157
64 19 50
65 19 33
66 19 61
67 19 93
68 19 15
69 19 119
70 19 186
71 19 170
72 19 30
73 19 169
74 19 69
75 19 234
76 19 252
77 19 114
78 19 249
79 19 220
80 19 61
81 19 171
82 19 162
83 19 44
84 19 174
85 19 118
86 19 34
87 19 69
88 19 221
89 19 189
90 19 19
91 19 102
92 19 220
93 19 219
94 19 173
95 19 248
96 19 65
97 19 152
98 19 234
99 19 31

0 20 113
1 20 91
2 20 233
3 20 143
4 20 31
5 20 155
6 20 144
7 20 161
8 20 15
9 20 151
10 20 118
11 20 165
12 20 32
13 20 71
14 20 0
15 20 122
16 20 137
17 20 146
18 20 202
19 20 93
20 20 99
21 20 193
22 20 72
23 20 255
24 20 104
25 20 52
26 20 173
27 20 218
28 20 250
29 20 83
30 20 11
31 20 196
32 20 103
33 20 200
34 20 188
35 20 197
36 20 107
37 20 236
38 20 2
39 20 38
40 20 246
41 20 126
42 20 234
43 20 202
44 20 48
45 20 155
46 20 118
47 20 194
48 20 186
49 20 234
50 20 250
51 20 27
52 20 55
53 20 24
54 20 199
55 20 250
56 20 12
57 20 132
58 20 7
59 20 236
60 20 99
61 20 59
62 20 232
63 20 119
64 20 118
65 20 38
66 20 253
67 20 245
68 20 10
69 20 130
70 20 225
71 20 162
72 20 57
73 20 145
74 20 29
75 20 243
76 20 117
77 20 143
78 20 75
79 20 41
80 20 202
81 20 232
82 20 124
83 20 39
84 20 99
85 20 168
86 20 216
87 20 128
88 20 80
89 20 51
90 20 132
91 20 213
92 20 135
93 20 54
94 20 201
95 20 94
96 20 40
97 20 221
98 20 114
99 20 198

0 21 5
1 21 71
2 21 117
3 21 60
4 21 97
5 21 55
6 21 214
7 21 199
8 21 248
9 21 12
10 21 201
11 21 217
12 21 64
13 21 243
14 21 23
15 21 40
16 21 239
17 21 91
18 21 194
19 21 185
20 21 189
21 21 169
22 21 236
23 21 61
24 21 107
25 21 45
26 21 245
27 21 161
28 21 4
29 21 85
30 21 228
31 21 225
32 21 99
33 21 33
34 21 8
35 21 29
36 21 245
37 21 215
38 21 223
39 21 238
40 21 192
41 21 248
42 21 54
43 21 250
44 21 164
45 21 114
46 21 146
47 21 198
48 21 225
49 21 23
50 21 207
51 21 204
52 21 218
53 21 78
54 21 7
55 21 206
56 21 25
57 21 9
58 21 181
59 21 105
60 21 146
61 21 247
62 21 26
63 21 237
64 21 44
65 21 250
66 21 224
67 21 108
68 21 125
69 21 219
70 21 254
71 21 17
72 21 213
73 21 61
74 21 219
75 21 179
76 21 127
77 21 207
78 21 182
79 21 170
80 21 67
81 21 198
82 21 69
83 21 226
84 21 47
85 21 139
86 21 156
87 21 46
88 21 152
89 21 176
90 21 81
91 21 222
92 21 91
93 21 41
94 21 222
95 21 147
96 21 104
97 21 185
98 21 70
99 21 82

0 22 130
1 22 170
2 22 252
3 22 216
4 22 64
5 22 193
6 22 0
7 22 45
8 22 88
9 22 113
10 22 75
11 22 124
12 22 28
13 22 79
14 22 109
15 22 34
16 22 69
17 22 198
18 22 117
19 22 5
20 22 240
21 22 12
22 22 17
23 22 39
24 22 230
25 22 84
26 22 246
27 22 123
28 22 32
29 22 70
30 22 130
31 22 247
32 22 139
33 22 172
34 22 160
35 22 234
36 22 8
37 22 110
38 22 237
39 22 144
40 22 183
41 22 192
42 22 25
43 22 227
44 22 117
45 22 154
46 22 143
47 22 181
48 22 163
49 22 104
50 22 88
51 22 252
52 22 42
53 22 4
54 22 60
55 22 109
56 22 187
57 22 225
58 22 43
59 22 76
60 22 92
61 22 137
62 22 220
63 22 130
64 22 32
65 22 73
66 22 180
67 22 240
68 22 53
69 22 42
70 22 233
71 22 3
72 22 36
73 22 36
74 22 231
75 22 136
76 22 85
77 22 143
78 22 243
79 22 194
80 22 210
81 22 218
82 22 14
83 22 186
84 22 76
85 22 127
86 22 28
87 22 215
88 22 99
89 22 54
90 22 69
91 22 174
92 22 34
93 22 106
94 22 156
95 22 27
96 22 201
97 22 233
98 22 254
99 22 145

0 23 208
1 23 223
2 23 61
3 23 174
4 23 40
5 23 5
6 23 126
7 23 19
8 23 196
9 23 22
10 23 224
11 23 114
12 23 88
13 23 131
14 23 95
15 23 232
16 23 97
17 23 103
18 23 247
19 23 142
20 23 101
21 23 189
22 23 12
23 23 75
24 23 124
25 23 209
26 23 9
27 23 236
28 23 15
29 23 244
30 23 72
31 23 118
32 23 224
33 23 116
34 23 50
35 23 186
36 23 74
37 23 203
38 23 167
39 23 43
40 23 203
41 23 23
42 23 160
43 23 237
44 23 191
45 23 202
46 23 18
47 23 46
48 23 110
49 23 163
50 23 22
51 23 185
52 23 73
53 23 221
54 23 72
55 23 200
56 23 113
57 23 166
58 23 108
59 23 26
60 23 121
61 23 210
62 23 88
63 23 70
64 23 109
65 23 209
66 23 14
67 23 79
68 23 19
69 23 222
70 23 40
71 23 120
72 23 112
73 23 122
74 23 121
75 23 90
76 23 142
77 23 25
78 23 241
79 23 51
80 23 125
81 23 27
82 23 193
83 23 129
84 23 152
85 23 253
86 23 192
87 23 208
88 23 9
89 23 209
90 23 13
91 23 208
92 23 144
93 23 235
94 23 246
95 23 170
96 23 128
97 23 222
98 23 25
99 23 148

0 24 10
1 24 167
2 24 201
3 24 164
4 24 189
5 24 39
6 24 180
7 24 225
8 24 78
9 24 215
10 24 194
11 24 160
12 24 149
13 24 183
14 24 64
15 24 14
16 24 217
17 24 135
18 24 61
19 24 9
20 24 77
21 24 58
22 24 52
23 24 52
24 24 218
25 24 168
26 24 236
27 24 74
28 24 31
29 24 131
30 24 157
31 24 178
32 24 183
33 24 140
34 24 84
35 24 84
36 24 186
37 24 6
38 24 152
39 24 172
40 24 134
41 24 107
42 24 78
43 24 28
44 24 191
45 24 95
46 24 218
47 24 135
48 24 148
49 24 226
50 24 135
51 24 27
52 24 68
53 24 201
54 24 41
55 24 110
56 24 225
57 24 111
58 24 1
59 24 205
60 24 85
61 24 168
62 24 224
63 24 209
64 24 162
65 24 246
66 24 143
67 24 50
68 24 110
69 24 0
70 24 111
71 24 224
72 24 190
73 24 63
74 24 93
75 24 80
76 24 2
77 24 251
78 24 216
79 24 20
80 24 82
81 24 118
82 24 102
83 24 175
84 24 247
85 24 103
86 24 51
87 24 167
88 24 45
89 24 169
90 24 252
91 24 220
92 24 39
93 24 53
94 24 43
95 24 23
96 24 84
97 24 78
98 24 68
99 24 230

0 25 225
1 25 251
2 25 127
3 25 168
4 25 127
5 25 186
6 25 183
7 25 228
8 25 102
9 25 115
10 25 130
11 25 223
12 25 153
13 25 171
14 25 162
15 25 109
16 25 108
17 25 250
18 25 156
19 25 7
20 25 68
21 25 191
22 25 166
23 25 30
24 25 159
25 25 18
26 25 198
27 25 175
28 25 84
29 25 250
30 25 57
31 25 24
32 25 27
33 25 224
34 25 18
35 25 42
36 25 79
37 25 68
38 25 35
39 25 127
40 25 243
41 25 175
42 25 32
43 25 13
44 25 244
45 25 233
46 25 2
47 25 252
48 25 173
49 25 107
50 25 170
51 25 181
52 25 176
53 25 23
54 25 199
55 25 60
56 25 196
57 25 39
58 25 249
59 25 191
60 25 42
61 25 100
62 25 55
63 25 111
64 25 37
65 25 152
66 25 110
67 25 142
68 25 185
69 25 69
70 25 106
71 25 201
72 25 178
73 25 151
74 25 250
75 25 201
76 25 232
77 25 152
78 25 79
79 25 5
80 25 194
81 25 163
82 25 166
83 25 218
84 25 249
85 25 27
86 25 39
87 25 221
88 25 158
89 25 92
90 25 12
91 25 112
92 25 95
93 25 242
94 25 5
95 25 147
96 25 6
97 25 10
98 25 219
99 25 253

0 26 66
1 26 37
2 26 84
3 26 108
4 26 170
5 26 20
6 26 88
7 26 57
8 26 255
9 26 32
10 26 81
11 26 47
12 26 177
13 26 137
14 26 216
15 26 157
16 26 165
17 26 50
18 26 141
19 26 170
20 26 54
21 26 154
22 26 70
23 26 233
24 26 122
25 26 14
26 26 109
27 26 45
28 26 198
29 26 29
30 26 163
31 26 159
32 26 116
33 26 77
34 26 169
35 26 13
36 26 227
37 26 12
38 26 129
39 26 133
40 26 192
41 26 233
42 26 208
43 26 35
44 26 132
45 26 4
46 26 135
47 26 39
48 26 62
49 26 195
50 26 194
51 26 74
52 26 147
53 26 199
54 26 241
55 26 83
56 26 3
57 26 31
58 26 53
59 26 229
60 26 110
61 26 187
62 26 13
63 26 155
64 26 214
65 26 35
66 26 49
67 26 87
68 26 102
69 26 105
70 26 190
71 26 214
72 26 179
73 26 91
74 26 148
75 26 136
76 26 67
77 26 254
78 26 252
79 26 159
80 26 76
81 26 56
82 26 143
83 26 102
84 26 189
85 26 205
86 26 83
87 26 213
88 26 130
89 26 141
90 26 38
91 26 98
92 26 4
93 26 203
94 26 96
95 26 25
96 26 240
97 26 16
98 26 180
99 26 239

0 27 58
1 27 17
2 27 87
3 27 84
4 27 97
5 27 223
6 27 100
7 27 7
8 27 244
9 27 94
10 27 128
11 27 46
12 27 85
13 27 248
14 27 186
15 27 166
16 27 189
17 27 146
18 27 180
19 27 152
20 27 128
21 27 191
22 27 8
23 27 77
24 27 147
25 27 52
26 27 229
27 27 67
28 27 75
29 27 125
30 27 249
31 27 128
32 27 103
33 27 238
34 27 148
35 27 38
36 27 81
37 27 219
38 27 10
39 27 72
40 27 161
41 27 12
42 27 89
43 27 252
44 27 227
45 27 107
46 27 11
47 27 177
48 27 154
49 27 0
50 27 94
51 27 195
52 27 133
53 27 31
54 27 163
55 27 77
56 27 32
57 27 224
58 27 228
59 27 63
60 27 110
61 27 208
62 27 201
63 27 176
64 27 246
65 27 230
66 27 188
67 27 117
68 27 11
69 27 185
70 27 76
71 27 242
72 27 81
73 27 239
74 27 207
75 27 48
76 27 125
77 27 249
78 27 76
79 27 48
80 27 92
81 27 254
82 27 152
83 27 127
84 27 23
85 27 20
86 27 190
87 27 11
88 27 181
89 27 182
90 27 164
91 27 53
92 27 225
93 27 115
94 27 236
95 27 39
96 27 238
97 27 227
98 27 25
99 27 104

0 28 24
1 28 223
2 28 243
3 28 173
4 28 13
5 28 241
6 28 44
7 28 243
8 28 172
9 28 10
10 28 67
11 28 202
12 28 12
13 28 115
14 28 169
15 28 244
16 28 192
17 28 6
18 28 35
19 28 46
20 28 89
21 28 158
22 28 111
23 28 78
24 28 45
25 28 204
26 28 42
27 28 142
28 28 87
29 28 204
30 28 241
31 28 40
32 28 255
33 28 183
34 28 199
35 28 35
36 28 220
37 28 249
38 28 182
39 28 108
40 28 246
41 28 6
42 28 185
43 28 40
44 28 177
45 28 73
46 28 218
47 28 73
48 28 7
49 28 93
50 28 152
51 28 95
52 28 21
53 28 128
54 28 139
55 28 177
56 28 217
57 28 69
58 28 75
59 28 141
60 28 58
61 28 137
62 28 141
63 28 220
64 28 72
65 28 167
66 28 143
67 28 249
68 28 198
69 28 240
70 28 183
71 28 196
72 28 230
73 28 85
74 28 119
75 28 242
76 28 83
77 28 103
78 28 115
79 28 167
80 28 116
81 28 130
82 28 230
83 28 70
84 28 240
85 28 68
86 28 65
87 28 136
88 28 109
89 28 68
90 28 22
91 28 203
92 28 158
93 28 1
94 28 53
95 28 173
96 28 124
97 28 25
98 28 21
99 28 218

0 29 211
1 29 188
2 29 117
3 29 34
4 29 1
5 29 95
6 29 66
7 29 207
8 29 250
9 29 181
10 29 188
11 29 53
12 29 144
13 29 219
14 29 213
15 29 138
16 29 242
17 29 211
18 29 217
19 29 248
20 29 114
21 29 51
22 29 84
23 29 241
24 29 139
25 29 30
26 29 49
27 29 195
28 29 34
29 29 116
30 29 31
31 29 108
32 29 12
33 29 70
34 29 57
35 29 175
36 29 209
37 29 141
38 29 229
39 29 103
40 29 175
41 29 27
42 29 252
43 29 28
44 29 226
45 29 209
46 29 44
47 29 212
48 29 35
49 29 19
50 29 155
51 29 43
52 29 111
53 29 121
54 29 205
55 29 166
56 29 9
57 29 199
58 29 200
59 29 69
60 29 194
61 29 32
62 29 118
63 29 87
64 29 120
65 29 118
66 29 74
67 29 146
68 29 221
69 29 69
70 29 38
71 29 99
72 29 121
73 29 129
74 29 125
75 29 131
76 29 243
77 29 205
78 29 181
79 29 203
80 29 140
81 29 237
82 29 207
83 29 73
84 29 236
85 29 126
86 29 73
87 29 147
88 29 33
89 29 228
90 29 67
91 29 91
92 29 229
93 29 133
94 29 226
95 29 68
96 29 31
97 29 53
98 29 242
99 29 244

0 30 173
1 30 240
2 30 207
3 30 107
4 30 97
5 30 207
6 30 133
7 30 147
8 30 73
9 30 53
10 30 54
11 30 24
12 30 52
13 30 73
14 30 188
15 30 121
16 30 113
17 30 170
18 30 144
19 30 96
20 30 218
21 30 94
22 30 234
23 30 47
24 30 18
25 30 11
26 30 42
27 30 219
28 30 10
29 30 105
30 30 119
31 30 253
32 30 202
33 30 247
34 30 166
35 30 38
36 30 110
37 30 237
38 30 93
39 30 115
40 30 110
41 30 114
42 30 120
43 30 98
44 30 35
45 30 16
46 30 171
47 30 228
48 30 135
49 30 101
50 30 105
51 30 180
52 30 61
53 30 27
54 30 5
55 30 230
56 30 209
57 30 26
58 30 24
59 30 195
60 30 64
61 30 251
62 30 34
63 30 212
64 30 187
65 30 192
66 30 116
67 30 61
68 30 168
69 30 195
70 30 77
71 30 77
72 30 234
73 30 237
74 30 67
75 30 82
76 30 98
77 30 40
78 30 228
79 30 178
80 30 181
81 30 23
82 30 158
83 30 55
84 30 80
85 30 4
86 30 220
87 30 171
88 30 170
89 30 26
90 30 114
91 30 165
92 30 201
93 30 212
94 30 59
95 30 162
96 30 8
97 30 181
98 30 0
99 30 87

0 31 23
1 31 58
2 31 156
3 31 70
4 31 67
5 31 13
6 31 94
7 31 144
8 31 248
9 31 123
10 31 175
11 31 10
12 31 132
13 31 40
14 31 245
15 31 146
16 31 29
17 31 1
18 31 183
19 31 164
20 31 38
21 31 115
22 31 1
23 31 40
24 31 174
25 31 218
26 31 10
27 31 142
28 31 58
29 31 61
30 31 20
31 31 29
32 31 196
33 31 56
34 31 148
35 31 136
36 31 3
37 31 57
38 31 147
39 31 195
40 31 237
41 31 240
42 31 84
43 31 20
44 31 123
45 31 0
46 31 55
47 31 109
48 31 172
49 31 251
50 31 221
51 31 249
52 31 204
53 31 141
54 31 141
55 31 245
56 31 246
57 31 247
58 31 214
59 31 193
60 31 216
61 31 191
62 31 118
63 31 55
64 31 182
65 31 166
66 31 123
67 31 59
68 31 177
69 31 219
70 31 168
71 31 147
72 31 74
73 31 110
74 31 26
75 31 250
76 31 34
77 31 7
78 31 44
79 31 111
80 31 3
81 31 216
82 31 151
83 31 211
84 31 36
85 31 208
86 31 222
87 31 179
88 31 169
89 31 18
90 31 233
91 31 99
92 31 106
93 31 165
94 31 239
95 31 76
96 31 245
97 31 109
98 31 154
99 31 134

0 32 214
1 32 90
2 32 102
3 32 170
4 32 22
5 32 223
6 32 75
7 32 225
8 32 1
9 32 166
10 32 155
11 32 65
12 32 44
13 32 130
14 32 45
15 32 90
16 32 183
17 32 165
18 32 187
19 32 11
20 32 208
21 32 19
22 32 137
23 32 155
24 32 120
25 32 86
26 32 71
27 32 4
28 32 138
29 32 115
30 32 57
31 32 146
32 32 249
33 32 30
34 32 149
35 32 173
36 32 89
37 32 42
38 32 45
39 32 243
40 32 161
41 32 67
42 32 77
43 32 139
44 32 47
45 32 223
46 32 231
47 32 181
48 32 12
49 32 114
50 32 237
51 32 165
52 32 114
53 32 225
54 32 255
55 32 145
56 32 139
57 32 58
58 32 70
59 32 9
60 32 124
61 32 162
62 32 160
63 32 135
64 32 162
65 32 143
66 32 253
67 32 71
68 32 27
69 32 55
70 32 9
71 32 88
72 32 137
73 32 72
74 32 11
75 32 244
76 32 18
77 32 217
78 32 12
79 32 13
80 32 172
81 32 160
82 32 61
83 32 40
84 32 151
85 32 102
86 32 147
87 32 110
88 32 42
89 32 185
90 32 180
91 32 0
92 32 211
93 32 225
94 32 22
95 32 140
96 32 90
97 32 21
98 32 101
99 32 30

0 33 101
1 33 238
2 33 38
3 33 56
4 33 65
5 33 27
6 33 155
7 33 36
8 33 223
9 33 87
10 33 230
11 33 137
12 33 29
13 33 152
14 33 112
15 33 61
16 33 71
17 33 137
18 33 140
19 33 90
20 33 222
21 33 59
22 33 88
23 33 148
24 33 152
25 33 23
26 33 228
27 33 201
28 33 167
29 33 24
30 33 151
31 33 218
32 33 62
33 33 55
34 33 206
35 33 186
36 33 82
37 33 38
38 33 197
39 33 196
40 33 158
41 33 64
42 33 187
43 33 82
44 33 233
45 33 193
46 33 81
47 33 139
48 33 139
49 33 50
50 33 52
51 33 124
52 33 46
53 33 40
54 33 251
55 33 107
56 33 210
57 33 46
58 33 83
59 33 103
60 33 20
61 33 0
62 33 89
63 33 36
64 33 175
65 33 250
66 33 71
67 33 6
68 33 67
69 33 207
70 33 83
71 33 124
72 33 85
73 33 126
74 33 212
75 33 143
76 33 151
77 33 130
78 33 167
79 33 187
80 33 106
81 33 73
82 33 209
83 33 253
84 33 162
85 33 232
86 33 101
87 33 45
88 33 137
89 33 13
90 33 169
91 33 142
92 33 38
93 33 53
94 33 116
95 33 164
96 33 191
97 33 31
98 33 218
99 33 69

0 34 156
1 34 128
2 34 11
3 34 243
4 34 14
5 34 248
6 34 121
7 34 105
8 34 176
9 34 69
10 34 57
11 34 116
12 34 237
13 34 183
14 34 172
15 34 4
16 34 194
17 34 227
18 34 94
19 34 131
20 34 197
21 34 156
22 34 46
23 34 101
24 34 103
25 34 31
26 34 176
27 34 1
28 34 118
29 34 142
30 34 207
31 34 159
32 34 230
33 34 160
34 34 183
35 34 210
36 34 208
37 34 150
38 34 242
39 34 8
40 34 187
41 34 113
42 34 208
43 34 95
44 34 27
45 34 98
46 34 13
47 34 186
48 34 23
49 34 130
50 34 174
51 34 21
52 34 143
53 34 195
54 34 44
55 34 21
56 34 94
57 34 38
58 34 212
59 34 227
60 34 220
61 34 47
62 34 110
63 34 59
64 34 167
65 34 151
66 34 29
67 34 192
68 34 164
69 34 64
70 34 134
71 34 147
72 34 64
73 34 110
74 34 52
75 34 35
76 34 252
77 34 51
78 34 59
79 34 71
80 34 40
81 34 43
82 34 28
83 34 138
84 34 238
85 34 106
86 34 233
87 34 197
88 34 147
89 34 179
90 34 170
91 34 244
92 34 250
93 34 234
94 34 254
95 34 66
96 34 106
97 34 204
98 34 6
99 34 102

0 35 144
1 35 222
2 35 126
3 35 50
4 35 200
5 35 163
6 35 45
7 35 105
8 35 152
9 35 18
10 35 128
11 35 210
12 35 125
13 35 71
14 35 114
15 35 138
16 35 235
17 35 121
18 35 174
19 35 158
20 35 143
21 35 44
22 35 248
23 35 217
24 35 215
25 35 168
26 35 201
27 35 219
28 35 180
29 35 169
30 35 57
31 35 107
32 35 159
33 35 88
34 35 34
35 35 15
36 35 218
37 35 122
38 35 131
39 35 217
40 35 248
41 35 232
42 35 34
43 35 131
44 35 159
45 35 63
46 35 118
47 35 191
48 35 141
49 35 216
50 35 195
51 35 200
52 35 217
53 35 251
54 35 135
55 35 61
56 35 123
57 35 79
58 35 21
59 35 47
60 35 15
61 35 149
62 35 128
63 35 121
64 35 214
65 35 150
66 35 186
67 35 79
68 35 254
69 35 90
70 35 253
71 35 26
72 35 35
73 35 155
74 35 106
75 35 131
76 35 21
77 35 121
78 35 241
79 35 206
80 35 220
81 35 112
82 35 112
83 35 106
84 35 249
85 35 134
86 35 31
87 35 198
88 35 239
89 35 201
90 35 43
91 35 102
92 35 2
93 35 248
94 35 161
95 35 53
96 35 63
97 35 129
98 35 142
99 35 29

0 36 188
1 36 171
2 36 101
3 36 213
4 36 33
5 36 21
6 36 160
7 36 250
8 36 103
9 36 95
10 36 170
11 36 98
12 36 224
13 36 39
14 36 253
15 36 173
16 36 120
17 36 55
18 36 135
19 36 28
20 36 58
21 36 252
22 36 83
23 36 167
24 36 22
25 36 59
26 36 101
27 36 73
28 36 225
29 36 255
30 36 230
31 36 159
32 36 157
33 36 214
34 36 129
35 36 177
36 36 251
37 36 60
38 36 12
39 36 16
40 36 30
41 36 88
42 36 107
43 36 33
44 36 162
45 36 230
46 36 177
47 36 184
48 36 221
49 36 117
50 36 137
51 36 232
52 36 100
53 36 210
54 36 213
55 36 26
56 36 209
57 36 196
58 36 148
59 36 93
60 36 196
61 36 249
62 36 9
63 36 253
64 36 40
65 36 65
66 36 26
67 36 87
68 36 184
69 36 250
70 36 246
71 36 235
72 36 193
73 36 203
74 36 250
75 36 179
76 36 41
77 36 150
78 36 214
79 36 180
80 36 176
81 36 167
82 36 235
83 36 210
84 36 118
85 36 50
86 36 248
87 36 232
88 36 190
89 36 252
90 36 246
91 36 24
92 36 241
93 36 88
94 36 64
95 36 96
96 36 230
97 36 85
98 36 247
99 36 110

0 37 96
1 37 54
2 37 165
3 37 182
4 37 216
5 37 34
6 37 32
7 37 193
8 37 125
9 37 29
10 37 178
11 37 200
12 37 122
13 37 55
14 37 118
15 37 129
16 37 119
17 37 3
18 37 5
19 37 57
20 37 98
21 37 75
22 37 82
23 37 35
24 37 111
25 37 2
26 37 211
27 37 240
28 37 93
29 37 122
30 37 226
31 37 159
32 37 252
33 37 216
34 37 98
35 37 151
36 37 236
37 37 196
38 37 165
39 37 243
40 37 167
41 37 101
42 37 141
43 37 29
44 37 193
45 37 140
46 37 242
47 37 158
48 37 111
49 37 47
50 37 68
51 37 52
52 37 71
53 37 26
54 37 114
55 37 37
56 37 70
57 37 225
58 37 10
59 37 212
60 37 23
61 37 25
62 37 161
63 37 146
64 37 146
65 37 199
66 37 117
67 37 182
68 37 132
69 37 25
70 37 81
71 37 240
72 37 174
73 37 84
74 37 177
75 37 218
76 37 16
77 37 14
78 37 39
79 37 208
80 37 103
81 37 157
82 37 253
83 37 2
84 37 244
85 37 207
86 37 28
87 37 199
88 37 127
89 37 220
90 37 44
91 37 53
92 37 156
93 37 152
94 37 253
95 37 238
96 37 45
97 37 237
98 37 38
99 37 60

0 38 40
1 38 137
2 38 236
3 38 97
4 38 154
5 38 212
6 38 101
7 38 40
8 38 236
9 38 37
10 38 221
11 38 192
12 38 101
13 38 53
14 38 120
15 38 202
16 38 241
17 38 212
18 38 25
19 38 177
20 38 33
21 38 218
22 38 131
23 38 58
24 38 114
25 38 97
26 38 190
27 38 92
28 38 210
29 38 49
30 38 189
31 38 81
32 38 96
33 38 124
34 38 61
35 38 237
36 38 116
37 38 204
38 38 240
39 38 47
40 38 223
41 38 57
42 38 219
43 38 22
44 38 116
45 38 223
46 38 252
47 38 181
48 38 199
49 38 143
50 38 49
51 38 138
52 38 52
53 38 197
54 38 85
55 38 12
56 38 35
57 38 218
58 38 172
59 38 131
60 38 139
61 38 123
62 38 129
63 38 28
64 38 181
65 38 90
66 38 13
67 38 61
68 38 67
69 38 35
70 38 155
71 38 22
72 38 112
73 38 178
74 38 234
75 38 121
76 38 153
77 38 131
78 38 211
79 38 235
80 38 253
81 38 106
82 38 43
83 38 251
84 38 193
85 38 132
86 38 235
87 38 210
88 38 55
89 38 109
90 38 142
91 38 12
92 38 95
93 38 179
94 38 187
95 38 198
96 38 174
97 38 139
98 38 36
99 38 248

0 39 15
1 39 195
2 39 174
3 39 6
4 39 40
5 39 248
6 39 210
7 39 145
8 39 222
9 39 9
10 39 67
11 39 147
12 39 27
13 39 203
14 39 209
15 39 171
16 39 206
17 39 255
18 39 141
19 39 181
20 39 52
21 39 129
22 39 46
23 39 158
24 39 87
25 39 194
26 39 179
27 39 118
28 39 212
29 39 119
30 39 74
31 39 199
32 39 224
33 39 147
34 39 113
35 39 38
36 39 141
37 39 115
38 39 91
39 39 7
40 39 74
41 39 89
42 39 149
43 39 214
44 39 169
45 39 28
46 39 233
47 39 67
48 39 102
49 39 30
50 39 131
51 39 221
52 39 164
53 39 125
54 39 82
55 39 226
56 39 121
57 39 142
58 39 177
59 39 85
60 39 173
61 39 135
62 39 71
63 39 82
64 39 191
65 39 123
66 39 43
67 39 159
68 39 41
69 39 140
70 39 76
71 39 131
72 39 229
73 39 92
74 39 17
75 39 219
76 39 48
77 39 196
78 39 60
79 39 106
80 39 142
81 39 201
82 39 20
83 39 113
84 39 14
85 39 203
86 39 195
87 39 127
88 39 207
89 39 0
90 39 253
91 39 139
92 39 195
93 39 33
94 39 226
95 39 64
96 39 179
97 39 99
98 39 38
99 39 152

0 40 132
1 40 169
2 40 111
3 40 172
4 40 184
5 40 248
6 40 254
7 40 203
8 40 56
9 40 43
10 40 146
11 40 201
12 40 80
13 40 232
14 40 137
15 40 153
16 40 251
17 40 210
18 40 73
19 40 30
20 40 97
21 40 0
22 40 222
23 40 63
24 40 158
25 40 175
26 40 228
27 40 58
28 40 197
29 40 51
30 40 168
31 40 58
32 40 36
33 40 52
34 40 138
35 40 43
36 40 202
37 40 22
38 40 166
39 40 205
40 40 71
41 40 185
42 40 179
43 40 7
44 40 179
45 40 99
46 40 42
47 40 127
48 40 242
49 40 250
50 40 171
51 40 103
52 40 53
53 40 119
54 40 158
55 40 154
56 40 196
57 40 151
58 40 22
59 40 231
60 40 252
61 40 211
62 40 250
63 40 172
64 40 147
65 40 147
66 40 102
67 40 167
68 40 36
69 40 159
70 40 79
71 40 10
72 40 231
73 40 214
74 40 102
75 40 205
76 40 191
77 40 34
78 40 63
79 40 72
80 40 123
81 40 171
82 40 179
83 40 1
84 40 85
85 40 75
86 40 131
87 40 195
88 40 191
89 40 67
90 40 61
91 40 240
92 40 96
93 40 44
94 40 100
95 40 23
96 40 89
97 40 48
98 40 203
99 40 201

0 41 204
1 41 121
2 41 66
3 41 169
4 41 159
5 41 234
6 41 116
7 41 195
8 41 125
9 41 13
10 41 16
11 41 31
12 41 30
13 41 77
14 41 39
15 41 149
16 41 201
17 41 102
18 41 214
19 41 226
20 41 23
21 41 25
22 41 36
23 41 252
24 41 249
25 41 36
26 41 45
27 41 163
28 41 252
29 41 113
30 41 129
31 41 57
32 41 204
33 41 142
34 41 199
35 41 211
36 41 247
37 41 93
38 41 166
39 41 144
40 41 244
41 41 13
42 41 229
43 41 42
44 41 100
45 41 72
46 41 208
47 41 202
48 41 151
49 41 174
50 41 222
51 41 33
52 41 82
53 41 131
54 41 146
55 41 180
56 41 208
57 41 164
58 41 159
59 41 119
60 41 6
61 41 192
62 41 79
63 41 158
64 41 44
65 41 196
66 41 37
67 41 176
68 41 120
69 41 151
70 41 194
71 41 221
72 41 45
73 41 8
74 41 5
75 41 145
76 41 212
77 41 5
78 41 118
79 41 73
80 41 201
81 41 13
82 41 229
83 41 166
84 41 250
85 41 231
86 41 78
87 41 191
88 41 236
89 41 149
90 41 0
91 41 188
92 41 255
93 41 132
94 41 254
95 41 161
96 41 242
97 41 5
98 41 166
99 41 103

0 42 169
1 42 1
2 42 144
3 42 81
4 42 46
5 42 231
6 42 185
7 42 125
8 42 247
9 42 234
10 42 225
11 42 186
12 42 103
13 42 106
14 42 49
15 42 153
16 42 150
17 42 175
18 42 33
19 42 199
20 42 85
21 42 221
22 42 153
23 42 153
24 42 109
25 42 36
26 42 86
27 42 233
28 42 40
29 42 56
30 42 144
31 42 33
32 42 19
33 42 1
34 42 218
35 42 149
36 42 1
37 42 147
38 42 73
39 42 22
40 42 83
41 42 96
42 42 216
43 42 195
44 42 119
45 42 172
46 42 11
47 42 35
48 42 175
49 42 66
50 42 211
51 42 113
52 42 20
53 42 102
54 42 178
55 42 55
56 42 218
57 42 10
58 42 31
59 42 31
60 42 213
61 42 69
62 42 44
63 42 5
64 42 60
65 42 0
66 42 102
67 42 80
68 42 174
69 42 243
70 42 253
71 42 131
72 42 114
73 42 208
74 42 37
75 42 15
76 42 3
77 42 189
78 42 187
79 42 108
80 42 204
81 42 8
82 42 44
83 42 103
84 42 48
85 42 22
86 42 147
87 42 190
88 42 205
89 42 157
90 42 33
91 42 234
92 42 2
93 42 19
94 42 194
95 42 60
96 42 174
97 42 103
98 42 253
99 42 43

0 43 59
1 43 238
2 43 28
3 43 237
4 43 220
5 43 160
6 43 142
7 43 68
8 43 18
9 43 132
10 43 137
11 43 155
12 43 117
13 43 105
14 43 244
15 43 81
16 43 177
17 43 215
18 43 131
19 43 85
20 43 207
21 43 69
22 43 36
23 43 243
24 43 182
25 43 140
26 43 154
27 43 237
28 43 241
29 43 156
30 43 103
31 43 206
32 43 178
33 43 110
34 43 240
35 43 123
36 43 23
37 43 58
38 43 220
39 43 11
40 43 173
41 43 233
42 43 189
43 43 216
44 43 51
45 43 205
46 43 242
47 43 214
48 43 160
49 43 144
50 43 204
51 43 36
52 43 103
53 43 106
54 43 239
55 43 225
56 43 249
57 43 151
58 43 251
59 43 65
60 43 139
61 43 9
62 43 108
63 43 224
64 43 26
65 43 90
66 43 191
67 43 86
68 43 173
69 43 4
70 43 215
71 43 11
72 43 219
73 43 212
74 43 158
75 43 77
76 43 140
77 43 156
78 43 239
79 43 159
80 43 4
81 43 41
82 43 180
83 43 84
84 43 29
85 43 116
86 43 75
87 43 93
88 43 211
89 43 28
90 43 47
91 43 96
92 43 6
93 43 20
94 43 212
95 43 10
96 43 124
97 43 153
98 43 210
99 43 165

0 44 38
1 44 104
2 44 70
3 44 237
4 44 164
5 44 45
6 44 117
7 44 31
8 44 10
9 44 62
10 44 179
11 44 84
12 44 229
13 44 137
14 44 132
15 44 13
16 44 121
17 44 204
18 44 0
19 44 15
20 44 77
21 44 4
22 44 124
23 44 113
24 44 234
25 44 39
26 44 102
27 44 243
28 44 223
29 44 21
30 44 113
31 44 145
32 44 8
33 44 204
34 44 242
35 44 88
36 44 16
37 44 220
38 44 138
39 44 121
40 44 53
41 44 28
42 44 6
43 44 156
44 44 75
45 44 154
46 44 131
47 44 118
48 44 4
49 44 216
50 44 214
51 44 158
52 44 110
53 44 53
54 44 43
55 44 156
56 44 189
57 44 169
58 44 235
59 44 67
60 44 75
61 44 181
62 44 228
63 44 66
64 44 221
65 44 154
66 44 164
67 44 245
68 44 40
69 44 202
70 44 37
71 44 129
72 44 148
73 44 156
74 44 176
75 44 31
76 44 63
77 44 67
78 44 251
79 44 184
80 44 69
81 44 1
82 44 149
83 44 179
84 44 63
85 44 152
86 44 131
87 44 11
88 44 9
89 44 2
90 44 44
91 44 164
92 44 201
93 44 97
94 44 114
95 44 223
96 44 44
97 44 57
98 44 34
99 44 108

0 45 243
1 45 221
2 45 142
3 45 95
4 45 175
5 45 39
6 45 120
7 45 134
8 45 200
9 45 108
10 45 50
11 45 250
12 45 196
13 45 175
14 45 4
15 45 245
16 45 198
17 45 21
18 45 206
19 45 227
20 45 85
21 45 153
22 45 238
23 45 188
24 45 95
25 45 1
26 45 100
27 45 144
28 45 126
29 45 17
30 45 52
31 45 100
32 45 121
33 45 254
34 45 12
35 45 60
36 45 14
37 45 38
38 45 39
39 45 121
40 45 239
41 45 253
42 45 113
43 45 101
44 45 10
45 45 75
46 45 236
47 45 13
48 45 13
49 45 149
50 45 82
51 45 79
52 45 42
53 45 216
54 45 252
55 45 51
56 45 24
57 45 126
58 45 2
59 45 127
60 45 90
61 45 138
62 45 164
63 45 133
64 45 195
65 45 22
66 45 233
67 45 64
68 45 58
69 45 255
70 45 133
71 45 159
72 45 187
73 45 223
74 45 0
75 45 33
76 45 158
77 45 59
78 45 21
79 45 162
80 45 28
81 45 254
82 45 89
83 45 117
84 45 15
85 45 38
86 45 29
87 45 178
88 45 249
89 45 190
90 45 148
91 45 209
92 45 72
93 45 12
94 45 57
95 45 120
96 45 216
97 45 11
98 45 107
99 45 146

0 46 186
1 46 28
2 46 90
3 46 161
4 46 52
5 46 248
6 46 39
7 46 85
8 46 8
9 46 233
10 46 71
11 46 93
12 46 249
13 46 58
14 46 41
15 46 125
16 46 140
17 46 235
18 46 24
19 46 225
20 46 12
21 46 170
22 46 98
23 46 177
24 46 208
25 46 255
26 46 186
27 46 229
28 46 193
29 46 199
30 46 219
31 46 91
32 46 22
33 46 227
34 46 110
35 46 38
36 46 98
37 46 49
38 46 46
39 46 42
40 46 209
41 46 187
42 46 74
43 46 230
44 46 174
45 46 47
46 46 10
47 46 144
48 46 41
49 46 144
50 46 182
51 46 103
52 46 88
53 46 42
54 46 180
55 46 69
56 46 123
57 46 203
58 46 240
59 46 115
60 46 132
61 46 48
62 46 129
63 46 194
64 46 215
65 46 190
66 46 137
67 46 215
68 46 78
69 46 115
70 46 92
71 46 199
72 46 128
73 46 27
74 46 229
75 46 228
76 46 67
77 46 199
78 46 70
79 46 214
80 46 111
81 46 123
82 46 191
83 46 237
84 46 229
85 46 39
86 46 209
87 46 181
88 46 208
89 46 216
90 46 163
91 46 203
92 46 43
93 46 48
94 46 164
95 46 240
96 46 132
97 46 20
98 46 114
99 46 92

0 47 255
1 47 164
2 47 251
3 47 84
4 47 157
5 47 112
6 47 226
7 47 255
8 47 190
9 47 232
10 47 36
11 47 118
12 47 229
13 47 21
14 47 251
15 47 26
16 47 188
17 47 135
18 47 2
19 47 42
20 47 88
21 47 143
22 47 154
23 47 149
24 47 189
25 47 174
26 47 141
27 47 12
28 47 165
29 47 76
30 47 242
31 47 92
32 47 125
33 47 173
34 47 81
35 47 251
36 47 177
37 47 34
38 47 7
39 47 224
40 47 41
41 47 124
42 47 235
43 47 152
44 47 20
45 47 198
46 47 49
47 47 151
48 47 228
49 47 52
50 47 143
51 47 204
52 47 153
53 47 86
54 47 159
55 47 120
56 47 67
57 47 145
58 47 133
59 47 63
60 47 194
61 47 208
62 47 209
63 47 128
64 47 209
65 47 119
66 47 167
67 47 226
68 47 67
69 47 153
70 47 29
71 47 47
72 47 139
73 47 106
74 47 228
75 47 102
76 47 130
77 47 247
78 47 43
79 47 11
80 47 101
81 47 20
82 47 192
83 47 194
84 47 29
85 47 150
86 47 120
87 47 28
88 47 196
89 47 195
90 47 210
91 47 177
92 47 100
93 47 7
94 47 215
95 47 111
96 47 2
97 47 233
98 47 68
99 47 49

0 48 219
1 48 60
2 48 235
3 48 147
4 48 237
5 48 154
6 48 87
7 48 5
8 48 185
9 48 14
10 48 175
11 48 31
12 48 72
13 48 17
14 48 220
15 48 53
16 48 108
17 48 184
18 48 238
19 48 42
20 48 72
21 48 43
22 48 188
23 48 137
24 48 18
25 48 89
26 48 203
27 48 209
28 48 24
29 48 234
30 48 114
31 48 17
32 48 1
33 48 117
34 48 59
35 48 181
36 48 86
37 48 244
38 48 139
39 48 160
40 48 65
41 48 117
42 48 134
43 48 123
44 48 148
45 48 18
46 48 45
47 48 76
48 48 12
49 48 34
50 48 201
51 48 74
52 48 216
53 48 177
54 48 141
55 48 240
56 48 85
57 48 46
58 48 119
59 48 80
60 48 28
61 48 100
62 48 119
63 48 170
64 48 62
65 48 172
66 48 211
67 48 61
68 48 206
69 48 96
70 48 202
71 48 93
72 48 160
73 48 146
74 48 120
75 48 198
76 48 81
77 48 254
78 48 249
79 48 48
80 48 135
81 48 62
82 48 209
83 48 35
84 48 122
85 48 61
86 48 139
87 48 13
88 48 180
89 48 238
90 48 161
91 48 146
92 48 21
93 48 62
94 48 156
95 48 35
96 48 25
97 48 71
98 48 124
99 48 210

0 49 94
1 49 198
2 49 90
3 49 100
4 49 96
5 49 207
6 49 76
7 49 168
8 49 135
9 49 191
10 49 137
11 49 8
12 49 101
13 49 115
14 49 206
15 49 94
16 49 56
17 49 183
18 49 0
19 49 9
20 49 183
21 49 1
22 49 18
23 49 63
24 49 11
25 49 96
26 49 41
27 49 164
28 49 27
29 49 175
30 49 254
31 49 28
32 49 12
33 49 14
34 49 132
35 49 222
36 49 8
37 49 147
38 49 204
39 49 203
40 49 63
41 49 60
42 49 37
43 49 253
44 49 44
45 49 40
46 49 135
47 49 162
48 49 26
49 49 7
50 49 50
51 49 11
52 49 230
53 49 208
54 49 146
55 49 0
56 49 6
57 49 178
58 49 102
59 49 87
60 49 202
61 49 76
62 49 33
63 49 197
64 49 226
65 49 32
66 49 144
67 49 243
68 49 33
69 49 69
70 49 190
71 49 212
72 49 129
73 49 93
74 49 21
75 49 55
76 49 102
77 49 199
78 49 197
79 49 152
80 49 39
81 49 22
82 49 106
83 49 60
84 49 202
85 49 193
86 49 233
87 49 125
88 49 15
89 49 27
90 49 154
91 49 98
92 49 177
93 49 134
94 49 173
95 49 114
96 49 232
97 49 228
98 49 198
99 49 202

0 50 50
1 50 79
2 50 235
3 50 110
4 50 83
5 50 10
6 50 160
7 50 221
8 50 154
9 50 183
10 50 80
11 50 232
12 50 103
13 50 202
14 50 239
15 50 195
16 50 234
17 50 61
18 50 222
19 50 93
20 50 45
21 50 134
22 50 15
23 50 237
24 50 85
25 50 198
26 50 105
27 50 205
28 50 37
29 50 67
30 50 110
31 50 140
32 50 195
33 50 24
34 50 27
35 50 63
36 50 191
37 50 43
38 50 15
39 50 23
40 50 81
41 50 96
42 50 240
43 50 57
44 50 226
45 50 12
46 50 11
47 50 201
48 50 206
49 50 173
50 50 58
51 50 72
52 50 105
53 50 216
54 50 11
55 50 33
56 50 64
57 50 114
58 50 30
59 50 126
60 50 161
61 50 35
62 50 207
63 50 96
64 50 93
65 50 8
66 50 21
67 50 239
68 50 204
69 50 168
70 50 170
71 50 15
72 50 18
73 50 42
74 50 109
75 50 51
76 50 161
77 50 197
78 50 4
79 50 118
80 50 255
81 50 119
82 50 197
83 50 232
84 50 202
85 50 250
86 50 215
87 50 37
88 50 249
89 50 244
90 50 148
91 50 45
92 50 100
93 50 110
94 50 50
95 50 111
96 50 135
97 50 135
98 50 163
99 50 39

0 51 130
1 51 105
2 51 185
3 51 234
4 51 101
5 51 125
6 51 142
7 51 127
8 51 171
9 51 219
10 51 35
11 51 241
12 51 4
13 51 5
14 51 71
15 51 226
16 51 88
17 51 212
18 51 187
19 51 34
20 51 8
21 51 178
22 51 147
23 51 129
24 51 119
25 51 10
26 51 223
27 51 225
28 51 201
29 51 253
30 51 139
31 51 143
32 51 234
33 51 87
34 51 132
35 51 211
36 51 210
37 51 193
38 51 28
39 51 197
40 51 8
41 51 56
42 51 176
43 51 99
44 51 101
45 51 189
46 51 136
47 51 225
48 51 27
49 51 78
50 51 254
51 51 64
52 51 246
53 51 22
54 51 227
55 51 34
56 51 225
57 51 225
58 51 30
59 51 221
60 51 171
61 51 210
62 51 150
63 51 206
64 51 11
65 51 88
66 51 83
67 51 240
68 51 226
69 51 94
70 51 224
71 51 172
72 51 193
73 51 194
74 51 243
75 51 243
76 51 171
77 51 9
78 51 79
79 51 139
80 51 28
81 51 81
82 51 234
83 51 166
84 51 73
85 51 134
86 51 75
87 51 185
88 51 170
89 51 217
90 51 55
91 51 139
92 51 182
93 51 110
94 51 140
95 51 141
96 51 238
97 51 85
98 51 109
99 51 105

0 52 28
1 52 188
2 52 159
3 52 221
4 52 221
5 52 99
6 52 51
7 52 202
8 52 93
9 52 80
10 52 102
11 52 136
12 52 98
13 52 195
14 52 197
15 52 125
16 52 140
17 52 108
18 52 149
19 52 238
20 52 219
21 52 220
22 52 113
23 52 20
24 52 113
25 52 58
26 52 53
27 52 115
28 52 153
29 52 55
30 52 27
31 52 103
32 52 9
33 52 67
34 52 36
35 52 0
36 52 100
37 52 2
38 52 186
39 52 15
40 52 3
41 52 249
42 52 147
43 52 129
44 52 245
45 52 142
46 52 216
47 52 236
48 52 68
49 52 47
50 52 135
51 52 104
52 52 122
53 52 209
54 52 22
55 52 160
56 52 100
57 52 156
58 52 89
59 52 41
60 52 22
61 52 228
62 52 165
63 52 18
64 52 47
65 52 92
66 52 54
67 52 188
68 52 95
69 52 134
70 52 206
71 52 235
72 52 38
73 52 110
74 52 159
75 52 30
76 52 222
77 52 152
78 52 107
79 52 28
80 52 251
81 52 55
82 52 234
83 52 208
84 52 146
85 52 159
86 52 108
87 52 86
88 52 24
89 52 253
90 52 191
91 52 86
92 52 109
93 52 70
94 52 83
95 52 145
96 52 24
97 52 109
98 52 156
99 52 185

0 53 213
1 53 217
2 53 184
3 53 134
4 53 77
5 53 22
6 53 82
7 53 6
8 53 36
9 53 203
10 53 198
11 53 53
12 53 56
13 53 236
14 53 133
15 53 205
16 53 40
17 53 48
18 53 188
19 53 95
20 53 20
21 53 198
22 53 48
23 53 163
24 53 164
25 53 68
26 53 108
27 53 13
28 53 76
29 53 224
30 53 31
31 53 160
32 53 206
33 53 226
34 53 192
35 53 7
36 53 0
37 53 89
38 53 115
39 53 226
40 53 207
41 53 13
42 53 48
43 53 94
44 53 132
45 53 182
46 53 34
47 53 8
48 53 70
49 53 107
50 53 77
51 53 227
52 53 224
53 53 93
54 53 116
55 53 183
56 53 197
57 53 197
58 53 58
59 53 173
60 53 81
61 53 27
62 53 135
63 53 25
64 53 82
65 53 137
66 53 45
67 53 151
68 53 199
69 53 159
70 53 204
71 53 89
72 53 232
73 53 72
74 53 243
75 53 191
76 53 102
77 53 253
78 53 135
79 53 40
80 53 243
81 53 56
82 53 105
83 53 9
84 53 5
85 53 44
86 53 83
87 53 60
88 53 215
89 53 179
90 53 3
91 53 154
92 53 177
93 53 136
94 53 156
95 53 203
96 53 106
97 53 182
98 53 73
99 53 93

0 54 43
1 54 80
2 54 35
3 54 20
4 54 117
5 54 99
6 54 85
7 54 129
8 54 102
9 54 41
10 54 125
11 54 214
12 54 56
13 54 127
14 54 86
15 54 249
16 54 10
17 54 153
18 54 149
19 54 215
20 54 227
21 54 245
22 54 16
23 54 251
24 54 244
25 54 141
26 54 37
27 54 95
28 54 29
29 54 81
30 54 90
31 54 130
32 54 179
33 54 212
34 54 65
35 54 186
36 54 129
37 54 70
38 54 159
39 54 204
40 54 12
41 54 162
42 54 204
43 54 186
44 54 28
45 54 40
46 54 93
47 54 220
48 54 119
49 54 14
50 54 1
51 54 50
52 54 240
53 54 115
54 54 169
55 54 249
56 54 160
57 54 148
58 54 236
59 54 124
60 54 116
61 54 66
62 54 169
63 54 45
64 54 232
65 54 148
66 54 238
67 54 244
68 54 17
69 54 217
70 54 24
71 54 199
72 54 225
73 54 208
74 54 60
75 54 123
76 54 167
77 54 28
78 54 198
79 54 218
80 54 213
81 54 242
82 54 96
83 54 245
84 54 6
85 54 21
86 54 22
87 54 188
88 54 63
89 54 4
90 54 183
91 54 203
92 54 117
93 54 113
94 54 126
95 54 135
96 54 80
97 54 246
98 54 241
99 54 106

0 55 47
1 55 4
2 55 10
3 55 155
4 55 108
5 55 28
6 55 149
7 55 194
8 55 225
9 55 65
10 55 217
11 55 26
12 55 171
13 55 173
14 55 122
15 55 200
16 55 45
17 55 195
18 55 158
19 55 107
20 55 88
21 55 69
22 55 79
23 55 244
24 55 42
25 55 199
26 55 33
27 55 184
28 55 117
29 55 99
30 55 20
31 55 195
32 55 226
33 55 175
34 55 187
35 55 111
36 55 53
37 55 236
38 55 158
39 55 54
40 55 211
41 55 128
42 55 222
43 55 197
44 55 129
45 55 167
46 55 23
47 55 81
48 55 110
49 55 101
50 55 138
51 55 46
52 55 116
53 55 191
54 55 124
55 55 158
56 55 155
57 55 42
58 55 217
59 55 231
60 55 223
61 55 68
62 55 29
63 55 168
64 55 51
65 55 194
66 55 116
67 55 108
68 55 197
69 55 169
70 55 32
71 55 128
72 55 132
73 55 194
74 55 28
75 55 2
76 55 224
77 55 71
78 55 255
79 55 59
80 55 208
81 55 227
82 55 34
83 55 47
84 55 26
85 55 218
86 55 5
87 55 113
88 55 207
89 55 131
90 55 239
91 55 60
92 55 20
93 55 255
94 55 213
95 55 192
96 55 40
97 55 37
98 55 125
99 55 186

0 56 163
1 56 188
2 56 228
3 56 71
4 56 252
5 56 237
6 56 220
7 56 250
8 56 78
9 56 247
10 56 249
11 56 44
12 56 92
13 56 37
14 56 174
15 56 147
16 56 210
17 56 254
18 56 180
19 56 23
20 56 206
21 56 187
22 56 171
23 56 224
24 56 158
25 56 254
26 56 4
27 56 180
28 56 204
29 56 192
30 56 30
31 56 128
32 56 87
33 56 139
34 56 175
35 56 52
36 56 68
37 56 234
38 56 102
39 56 212
40 56 85
41 56 31
42 56 207
43 56 204
44 56 25
45 56 19
46 56 118
47 56 133
48 56 37
49 56 147
50 56 79
51 56 53
52 56 160
53 56 184
54 56 85
55 56 251
56 56 5
57 56 167
58 56 114
59 56 43
60 56 36
61 56 123
62 56 159
63 56 231
64 56 106
65 56 128
66 56 76
67 56 239
68 56 99
69 56 162
70 56 2
71 56 185
72 56 125
73 56 37
74 56 71
75 56 197
76 56 15
77 56 150
78 56 194
79 56 43
80 56 153
81 56 1
82 56 159
83 56 118
84 56 78
85 56 100
86 56 53
87 56 180
88 56 207
89 56 100
90 56 230
91 56 206
92 56 58
93 56 63
94 56 71
95 56 22
96 56 99
97 56 2
98 56 129
99 56 31

0 57 97
1 57 252
2 57 248
3 57 209
4 57 77
5 57 114
6 57 42
7 57 188
8 57 70
9 57 148
10 57 217
11 57 173
12 57 184
13 57 176
14 57 108
15 57 127
16 57 222
17 57 166
18 57 147
19 57 52
20 57 134
21 57 156
22 57 42
23 57 69
24 57 21
25 57 242
26 57 96
27 57 53
28 57 202
29 57 120
30 57 24
31 57 108
32 57 71
33 57 223
34 57 143
35 57 67
36 57 77
37 57 110
38 57 63
39 57 92
40 57 199
41 57 246
42 57 4
43 57 52
44 57 10
45 57 8
46 57 126
47 57 251
48 57 91
49 57 101
50 57 182
51 57 163
52 57 177
53 57 182
54 57 4
55 57 55
56 57 189
57 57 126
58 57 48
59 57 110
60 57 40
61 57 76
62 57 215
63 57 128
64 57 28
65 57 53
66 57 16
67 57 56
68 57 5
69 57 129
70 57 80
71 57 74
72 57 153
73 57 165
74 57 139
75 57 232
76 57 22
77 57 114
78 57 156
79 57 144
80 57 202
81 57 139
82 57 231
83 57 40
84 57 217
85 57 28
86 57 61
87 57 76
88 57 59
89 57 201
90 57 0
91 57 231
92 57 4
93 57 229
94 57 135
95 57 0
96 57 232
97 57 229
98 57 195
99 57 215

0 58 254
1 58 20
2 58 35
3 58 49
4 58 196
5 58 136
6 58 182
7 58 240
8 58 100
9 58 84
10 58 144
11 58 230
12 58 53
13 58 255
14 58 110
15 58 235
16 58 133
17 58 53
18 58 157
19 58 45
20 58 150
21 58 189
22 58 23
23 58 200
24 58 230
25 58 171
26 58 240
27 58 151
28 58 179
29 58 215
30 58 240
31 58 73
32 58 191
33 58 141
34 58 130
35 58 183
36 58 81
37 58 134
38 58 204
39 58 116
40 58 124
41 58 23
42 58 32
43 58 166
44 58 163
45 58 169
46 58 147
47 58 21
48 58 61
49 58 105
50 58 235
51 58 130
52 58 214
53 58 65
54 58 191
55 58 58
56 58 86
57 58 6
58 58 217
59 58 235
60 58 134
61 58 243
62 58 223
63 58 181
64 58 208
65 58 86
66 58 51
67 58 132
68 58 71
69 58 137
70 58 23
71 58 158
72 58 231
73 58 36
74 58 21
75 58 120
76 58 29
77 58 113
78 58 158
79 58 206
80 58 138
81 58 32
82 58 241
83 58 242
84 58 4
85 58 60
86 58 62
87 58 101
88 58 221
89 58 94
90 58 11
91 58 164
92 58 104
93 58 33
94 58 216
95 58 68
96 58 186
97 58 213
98 58 254
99 58 65

0 59 174
1 59 120
2 59 221
3 59 148
4 59 44
5 59 226
6 59 54
7 59 3
8 59 170
9 59 63
10 59 214
11 59 61
12 59 242
13 59 194
14 59 117
15 59 38
16 59 38
17 59 152
18 59 221
19 59 112
20 59 2
21 59 27
22 59 79
23 59 107
24 59 98
25 59 73
26 59 34
27 59 30
28 59 4
29 59 116
30 59 173
31 59 150
32 59 142
33 59 58
34 59 103
35 59 126
36 59 211
37 59 184
38 59 77
39 59 240
40 59 82
41 59 251
42 59 132
43 59 139
44 59 255
45 59 183
46 59 64
47 59 198
48 59 71
49 59 60
50 59 228
51 59 131
52 59 78
53 59 165
54 59 107
55 59 232
56 59 123
57 59 83
58 59 6
59 59 106
60 59 54
61 59 154
62 59 6
63 59 42
64 59 240
65 59 185
66 59 253
67 59 133
68 59 100
69 59 16
70 59 32
71 59 230
72 59 29
73 59 141
74 59 240
75 59 223
76 59 57
77 59 104
78 59 26
79 59 121
80 59 108
81 59 16
82 59 155
83 59 200
84 59 72
85 59 101
86 59 39
87 59 194
88 59 187
89 59 39
90 59 204
91 59 81
92 59 217
93 59 174
94 59 211
95 59 166
96 59 219
97 59 220
98 59 231
99 59 209

0 60 104
1 60 81
2 60 121
3 60 142
4 60 20
5 60 221
6 60 98
7 60 98
8 60 39
9 60 59
10 60 202
11 60 231
12 60 159
13 60 252
14 60 73
15 60 100
16 60 120
17 60 193
18 60 77
19 60 161
20 60 42
21 60 173
22 60 188
23 60 250
24 60 116
25 60 26
26 60 218
27 60 177
28 60 88
29 60 139
30 60 108
31 60 137
32 60 103
33 60 226
34 60 30
35 60 144
36 60 62
37 60 212
38 60 34
39 60 60
40 60 81
41 60 153
42 60 26
43 60 185
44 60 231
45 60 232
46 60 56
47 60 130
48 60 102
49 60 34
50 60 163
51 60 47
52 60 209
53 60 206
54 60 29
55 60 141
56 60 143
57 60 69
58 60 228
59 60 244
60 60 110
61 60 174
62 60 213
63 60 213
64 60 231
65 60 45
66 60 215
67 60 147
68 60 164
69 60 88
70 60 119
71 60 148
72 60 63
73 60 235
74 60 208
75 60 151
76 60 77
77 60 188
78 60 174
79 60 72
80 60 155
81 60 241
82 60 243
83 60 17
84 60 183
85 60 112
86 60 57
87 60 52
88 60 178
89 60 151
90 60 184
91 60 23
92 60 37
93 60 46
94 60 106
95 60 222
96 60 114
97 60 153
98 60 110
99 60 63

0 61 76
1 61 82
2 61 171
3 61 146
4 61 122
5 61 151
6 61 181
7 61 40
8 61 215
9 61 96
10 61 244
11 61 222
12 61 158
13 61 148
14 61 3
15 61 242
16 61 228
17 61 124
18 61 86
19 61 21
20 61 102
21 61 120
22 61 32
23 61 193
24 61 133
25 61 241
26 61 115
27 61 204
28 61 143
29 61 142
30 61 169
31 61 62
32 61 64
33 61 171
34 61 4
35 61 96
36 61 137
37 61 7
38 61 145
39 61 21
40 61 143
41 61 188
42 61 82
43 61 109
44 61 247
45 61 117
46 61 155
47 61 120
48 61 97
49 61 219
50 61 189
51 61 88
52 61 50
53 61 80
54 61 226
55 61 154
56 61 151
57 61 224
58 61 56
59 61 199
60 61 199
61 61 116
62 61 82
63 61 53
64 61 136
65 61 73
66 61 203
67 61 35
68 61 244
69 61 161
70 61 44
71 61 5
72 61 125
73 61 185
74 61 15
75 61 29
76 61 47
77 61 250
78 61 133
79 61 75
80 61 53
81 61 115
82 61 182
83 61 38
84 61 159
85 61 135
86 61 199
87 61 75
88 61 98
89 61 227
90 61 1
91 61 246
92 61 160
93 61 180
94 61 47
95 61 207
96 61 42
97 61 22
98 61 71
99 61 6

0 62 68
1 62 207
2 62 77
3 62 161
4 62 168
5 62 61
6 62 117
7 62 21
8 62 205
9 62 141
10 62 136
11 62 20
12 62 104
13 62 46
14 62 136
15 62 167
16 62 52
17 62 133
18 62 151
19 62 124
20 62 238
21 62 227
22 62 21
23 62 129
24 62 164
25 62 180
26 62 9
27 62 178
28 62 48
29 62 249
30 62 194
31 62 46
32 62 0
33 62 248
34 62 190
35 62 145
36 62 24
37 62 49
38 62 202
39 62 126
40 62 89
41 62 149
42 62 107
43 62 123
44 62 3
45 62 243
46 62 125
47 62 2
48 62 121
49 62 179
50 62 26
51 62 212
52 62 68
53 62 198
54 62 189
55 62 145
56 62 91
57 62 221
58 62 167
59 62 134
60 62 161
61 62 217
62 62 130
63 62 198
64 62 176
65 62 131
66 62 69
67 62 124
68 62 213
69 62 126
70 62 87
71 62 127
72 62 91
73 62 122
74 62 247
75 62 39
76 62 13
77 62 169
78 62 219
79 62 96
80 62 246
81 62 119
82 62 23
83 62 252
84 62 107
85 62 118
86 62 65
87 62 78
88 62 76
89 62 151
90 62 211
91 62 244
92 62 134
93 62 160
94 62 208
95 62 244
96 62 220
97 62 218
98 62 171
99 62 11

0 63 232
1 63 10
2 63 100
3 63 65
4 63 92
5 63 163
6 63 244
7 63 193
8 63 142
9 63 58
10 63 235
11 63 232
12 63 52
13 63 58
14 63 88
15 63 156
16 63 107
17 63 217
18 63 233
19 63 223
20 63 255
21 63 75
22 63 83
23 63 163
24 63 230
25 63 53
26 63 244
27 63 224
28 63 13
29 63 100
30 63 183
31 63 229
32 63 88
33 63 191
34 63 57
35 63 236
36 63 228
37 63 122
38 63 42
39 63 240
40 63 143
41 63 141
42 63 245
43 63 195
44 63 186
45 63 101
46 63 163
47 63 91
48 63 77
49 63 217
50 63 252
51 63 108
52 63 252
53 63 95
54 63 240
55 63 61
56 63 201
57 63 128
58 63 54
59 63 180
60 63 202
61 63 137
62 63 51
63 63 178
64 63 45
65 63 132
66 63 29
67 63 167
68 63 121
69 63 102
70 63 96
71 63 93
72 63 22
73 63 138
74 63 65
75 63 24
76 63 16
77 63 94
78 63 193
79 63 225
80 63 24
81 63 93
82 63 196
83 63 31
84 63 204
85 63 61
86 63 114
87 63 103
88 63 56
89 63 105
90 63 222
91 63 149
92 63 156
93 63 177
94 63 229
95 63 28
96 63 111
97 63 64
98 63 90
99 63 154

0 64 165
1 64 207
2 64 96
3 64 176
4 64 46
5 64 25
6 64 22
7 64 16
8 64 191
9 64 143
10 64 122
11 64 215
12 64 212
13 64 76
14 64 135
15 64 30
16 64 246
17 64 75
18 64 161
19 64 203
20 64 57
21 64 216
22 64 51
23 64 173
24 64 10
25 64 68
26 64 151
27 64 201
28 64 39
29 64 221
30 64 54
31 64 238
32 64 239
33 64 29
34 64 240
35 64 144
36 64 220
37 64 34
38 64 190
39 64 211
40 64 78
41 64 94
42 64 149
43 64 229
44 64 138
45 64 144
46 64 142
47 64 145
48 64 2
49 64 243
50 64 69
51 64 17
52 64 215
53 64 181
54 64 126
55 64 36
56 64 156
57 64 170
58 64 15
59 64 97
60 64 93
61 64 66
62 64 250
63 64 203
64 64 223
65 64 185
66 64 217
67 64 165
68 64 42
69 64 141
70 64 127
71 64 136
72 64 69
73 64 53
74 64 220
75 64 178
76 64 65
77 64 16
78 64 33
79 64 161
80 64 120
81 64 156
82 64 37
83 64 225
84 64 23
85 64 232
86 64 7
87 64 34
88 64 218
89 64 76
90 64 22
91 64 141
92 64 23
93 64 87
94 64 237
95 64 88
96 64 254
97 64 9
98 64 226
99 64 152

0 65 31
1 65 66
2 65 162
3 65 87
4 65 45
5 65 123
6 65 21
7 65 231
8 65 1
9 65 180
10 65 136
11 65 117
12 65 225
13 65 173
14 65 10
15 65 225
16 65 3
17 65 89
18 65 22
19 65 206
20 65 77
21 65 144
22 65 115
23 65 245
24 65 95
25 65 4
26 65 89
27 65 190
28 65 211
29 65 118
30 65 213
31 65 17
32 65 195
33 65 42
34 65 110
35 65 105
36 65 140
37 65 152
38 65 9
39 65 43
40 65 210
41 65 100
42 65 10
43 65 55
44 65 197
45 65 144
46 65 188
47 65 188
48 65 162
49 65 241
50 65 243
51 65 80
52 65 124
53 65 223
54 65 240
55 65 64
56 65 60
57 65 49
58 65 132
59 65 36
60 65 231
61 65 105
62 65 121
63 65 183
64 65 31
65 65 43
66 65 45
67 65 230
68 65 237
69 65 244
70 65 128
71 65 39
72 65 189
73 65 8
74 65 240
75 65 12
76 65 170
77 65 172
78 65 3
79 65 24
80 65 252
81 65 150
82 65 230
83 65 209
84 65 239
85 65 162
86 65 83
87 65 22
88 65 183
89 65 198
90 65 183
91 65 179
92 65 192
93 65 72
94 65 149
95 65 51
96 65 58
97 65 46
98 65 37
99 65 246

0 66 213
1 66 247
2 66 66
3 66 131
4 66 201
5 66 136
6 66 131
7 66 30
8 66 26
9 66 105
10 66 167
11 66 158
12 66 26
13 66 49
14 66 54
15 66 121
16 66 47
17 66 63
18 66 101
19 66 33
20 66 214
21 66 171
22 66 58
23 66 147
24 66 232
25 66 124
26 66 242
27 66 44
28 66 29
29 66 28
30 66 160
31 66 191
32 66 206
33 66 9
34 66 22
35 66 230
36 66 255
37 66 204
38 66 8
39 66 149
40 66 156
41 66 47
42 66 111
43 66 245
44 66 3
45 66 171
46 66 44
47 66 111
48 66 195
49 66 32
50 66 238
51 66 6
52 66 163
53 66 201
54 66 85
55 66 235
56 66 231
57 66 110
58 66 88
59 66 75
60 66 206
61 66 219
62 66 228
63 66 108
64 66 95
65 66 146
66 66 197
67 66 248
68 66 101
69 66 189
70 66 202
71 66 153
72 66 185
73 66 102
74 66 36
75 66 197
76 66 191
77 66 234
78 66 16
79 66 220
80 66 51
81 66 171
82 66 182
83 66 112
84 66 38
85 66 6
86 66 80
87 66 227
88 66 67
89 66 133
90 66 142
91 66 56
92 66 87
93 66 85
94 66 57
95 66 35
96 66 17
97 66 250
98 66 24
99 66 98

0 67 6
1 67 65
2 67 16
3 67 80
4 67 247
5 67 118
6 67 142
7 67 184
8 67 87
9 67 216
10 67 42
11 67 231
12 67 8
13 67 74
14 67 132
15 67 5
16 67 102
17 67 75
18 67 114
19 67 165
20 67 134
21 67 40
22 67 94
23 67 154
24 67 191
25 67 112
26 67 233
27 67 12
28 67 106
29 67 169
30 67 212
31 67 204
32 67 231
33 67 65
34 67 33
35 67 229
36 67 225
37 67 200
38 67 117
39 67 116
40 67 210
41 67 92
42 67 193
43 67 185
44 67 201
45 67 100
46 67 33
47 67 109
48 67 107
49 67 129
50 67 5
51 67 86
52 67 55
53 67 193
54 67 142
55 67 26
56 67 15
57 67 22
58 67 59
59 67 81
60 67 244
61 67 7
62 67 196
63 67 221
64 67 18
65 67 166
66 67 70
67 67 126
68 67 252
69 67 194
70 67 161
71 67 161
72 67 56
73 67 93
74 67 30
75 67 121
76 67 254
77 67 96
78 67 86
79 67 81
80 67 61
81 67 142
82 67 79
83 67 33
84 67 223
85 67 183
86 67 231
87 67 95
88 67 78
89 67 46
90 67 118
91 67 23
92 67 55
93 67 125
94 67 175
95 67 62
96 67 142
97 67 86
98 67 199
99 67 68

0 68 210
1 68 205
2 68 218
3 68 232
4 68 146
5 68 197
6 68 138
7 68 80
8 68 48
9 68 168
10 68 233
11 68 89
12 68 229
13 68 92
14 68 153
15 68 44
16 68 5
17 68 114
18 68 49
19 68 18
20 68 132
21 68 160
22 68 227
23 68 137
24 68 186
25 68 113
26 68 92
27 68 151
28 68 99
29 68 59
30 68 236
31 68 94
32 68 234
33 68 82
34 68 231
35 68 241
36 68 231
37 68 123
38 68 75
39 68 102
40 68 230
41 68 163
42 68 162
43 68 44
44 68 106
45 68 209
46 68 42
47 68 159
48 68 49
49 68 90
50 68 52
51 68 218
52 68 186
53 68 84
54 68 202
55 68 204
56 68 5
57 68 76
58 68 148
59 68 143
60 68 154
61 68 60
62 68 253
63 68 244
64 68 204
65 68 183
66 68 145
67 68 99
68 68 63
69 68 103
70 68 169
71 68 226
72 68 168
73 68 185
74 68 75
75 68 115
76 68 212
77 68 215
78 68 76
79 68 163
80 68 236
81 68 215
82 68 183
83 68 96
84 68 247
85 68 49
86 68 115
87 68 11
88 68 160
89 68 119
90 68 31
91 68 206
92 68 57
93 68 64
94 68 65
95 68 48
96 68 1
97 68 102
98 68 160
99 68 230

0 69 162
1 69 113
2 69 238
3 69 236
4 69 254
5 69 82
6 69 170
7 69 213
8 69 43
9 69 85
10 69 69
11 69 96
12 69 188
13 69 81
14 69 132
15 69 75
16 69 67
17 69 33
18 69 37
19 69 108
20 69 20
21 69 88
22 69 197
23 69 253
24 69 75
25 69 49
26 69 1
27 69 56
28 69 16
29 69 197
30 69 220
31 69 36
32 69 25
33 69 129
34 69 96
35 69 174
36 69 113
37 69 214
38 69 137
39 69 251
40 69 120
41 69 50
42 69 94
43 69 253
44 69 44
45 69 48
46 69 97
47 69 68
48 69 166
49 69 12
50 69 41
51 69 23
52 69 231
53 69 89
54 69 78
55 69 196
56 69 213
57 69 246
58 69 133
59 69 52
60 69 129
61 69 62
62 69 12
63 69 194
64 69 171
65 69 127
66 69 73
67 69 77
68 69 136
69 69 173
70 69 174
71 69 140
72 69 195
73 69 88
74 69 223
75 69 162
76 69 193
77 69 220
78 69 23
79 69 243
80 69 41
81 69 216
82 69 200
83 69 53
84 69 164
85 69 225
86 69 129
87 69 202
88 69 225
89 69 119
90 69 21
91 69 77
92 69 221
93 69 55
94 69 250
95 69 107
96 69 97
97 69 83
98 69 239
99 69 244

0 70 204
1 70 64
2 70 225
3 70 49
4 70 18
5 70 174
6 70 16
7 70 121
8 70 5
9 70 189
10 70 110
11 70 255
12 70 211
13 70 110
14 70 71
15 70 238
16 70 208
17 70 87
18 70 39
19 70 184
20 70 118
21 70 156
22 70 249
23 70 170
24 70 170
25 70 26
26 70 108
27 70 197
28 70 65
29 70 229
30 70 155
31 70 201
32 70 195
33 70 245
34 70 236
35 70 146
36 70 111
37 70 28
38 70 56
39 70 167
40 70 127
41 70 59
42 70 45
43 70 17
44 70 173
45 70 182
46 70 241
47 70 105
48 70 245
49 70 37
50 70 8
51 70 53
52 70 157
53 70 77
54 70 120
55 70 117
56 70 115
57 70 78
58 70 43
59 70 120
60 70 86
61 70 29
62 70 148
63 70 244
64 70 247
65 70 53
66 70 150
67 70 86
68 70 225
69 70 138
70 70 161
71 70 87
72 70 183
73 70 191
74 70 30
75 70 208
76 70 189
77 70 152
78 70 13
79 70 207
80 70 154
81 70 178
82 70 236
83 70 234
84 70 93
85 70 114
86 70 219
87 70 211
88 70 189
89 70 59
90 70 255
91 70 45
92 70 165
93 70 228
94 70 36
95 70 158
96 70 240
97 70 105
98 70 166
99 70 38

0 71 113
1 71 224
2 71 145
3 71 175
4 71 54
5 71 175
6 71 7
7 71 229
8 71 13
9 71 253
10 71 226
11 71 71
12 71 72
13 71 102
14 71 155
15 71 126
16 71 190
17 71 243
18 71 107
19 71 238
20 71 18
21 71 73
22 71 175
23 71 140
24 71 56
25 71 32
26 71 145
27 71 239
28 71 52
29 71 247
30 71 229
31 71 169
32 71 37
33 71 6
34 71 81
35 71 215
36 71 131
37 71 117
38 71 177
39 71 247
40 71 165
41 71 203
42 71 185
43 71 250
44 71 134
45 71 169
46 71 220
47 71 154
48 71 200
49 71 184
50 71 109
51 71 238
52 71 249
53 71 224
54 71 5
55 71 60
56 71 22
57 71 187
58 71 36
59 71 14
60 71 77
61 71 73
62 71 27
63 71 136
64 71 7
65 71 229
66 71 41
67 71 248
68 71 38
69 71 119
70 71 228
71 71 175
72 71 139
73 71 236
74 71 218
75 71 16
76 71 220
77 71 227
78 71 121
79 71 230
80 71 132
81 71 169
82 71 44
83 71 251
84 71 251
85 71 104
86 71 199
87 71 230
88 71 71
89 71 155
90 71 37
91 71 36
92 71 195
93 71 197
94 71 15
95 71 106
96 71 31
97 71 99
98 71 96
99 71 58

0 72 168
1 72 31
2 72 103
3 72 181
4 72 201
5 72 70
6 72 141
7 72 176
8 72 210
9 72 124
10 72 56
11 72 9
12 72 249
13 72 175
14 72 239
15 72 59
16 72 159
17 72 73
18 72 190
19 72 49
20 72 212
21 72 170
22 72 220
23 72 88
24 72 28
25 72 213
26 72 139
27 72 248
28 72 115
29 72 105
30 72 64
31 72 196
32 72 144
33 72 212
34 72 4
35 72 176
36 72 103
37 72 195
38 72 26
39 72 2
40 72 241
41 72 220
42 72 226
43 72 172
44 72 47
45 72 176
46 72 253
47 72 217
48 72 109
49 72 235
50 72 178
51 72 198
52 72 196
53 72 206
54 72 144
55 72 211
56 72 226
57 72 224
58 72 85
59 72 218
60 72 14
61 72 224
62 72 15
63 72 191
64 72 102
65 72 253
66 72 129
67 72 72
68 72 107
69 72 74
70 72 200
71 72 47
72 72 192
73 72 108
74 72 63
75 72 118
76 72 47
77 72 149
78 72 159
79 72 251
80 72 237
81 72 183
82 72 107
83 72 76
84 72 31
85 72 241
86 72 139
87 72 188
88 72 156
89 72 78
90 72 54
91 72 183
92 72 245
93 72 174
94 72 22
95 72 82
96 72 179
97 72 4
98 72 167
99 72 38

0 73 223
1 73 194
2 73 225
3 73 95
4 73 200
5 73 146
6 73 22
7 73 16
8 73 0
9 73 71
10 73 29
11 73 202
12 73 168
13 73 19
14 73 176
15 73 108
16 73 237
17 73 250
18 73 19
19 73 60
20 73 211
21 73 134
22 73 246
23 73 55
24 73 50
25 73 189
26 73 157
27 73 166
28 73 253
29 73 80
30 73 62
31 73 242
32 73 202
33 73 21
34 73 171
35 73 185
36 73 143
37 73 183
38 73 48
39 73 33
40 73 170
41 73 173
42 73 191
43 73 109
44 73 37
45 73 104
46 73 74
47 73 206
48 73 55
49 73 209
50 73 113
51 73 123
52 73 14
53 73 242
54 73 93
55 73 3
56 73 203
57 73 243
58 73 236
59 73 226
60 73 207
61 73 73
62 73 14
63 73 83
64 73 53
65 73 42
66 73 111
67 73 102
68 73 159
69 73 68
70 73 86
71 73 82
72 73 54
73 73 174
74 73 205
75 73 12
76 73 236
77 73 31
78 73 2
79 73 25
80 73 5
81 73 94
82 73 237
83 73 160
84 73 213
85 73 249
86 73 51
87 73 195
88 73 203
89 73 58
90 73 74
91 73 47
92 73 174
93 73 87
94 73 222
95 73 242
96 73 39
97 73 233
98 73 116
99 73 142

0 74 128
1 74 159
2 74 78
3 74 75
4 74 171
5 74 52
6 74 142
7 74 209
8 74 134
9 74 158
10 74 158
11 74 245
12 74 93
13 74 137
14 74 206
15 74 212
16 74 176
17 74 3
18 74 63
19 74 30
20 74 55
21 74 121
22 74 1
23 74 181
24 74 36
25 74 226
26 74 120
27 74 119
28 74 168
29 74 58
30 74 4
31 74 87
32 74 184
33 74 50
34 74 224
35 74 179
36 74 17
37 74 38
38 74 75
39 74 226
40 74 122
41 74 79
42 74 230
43 74 12
44 74 73
45 74 58
46 74 94
47 74 62
48 74 40
49 74 120
50 74 74
51 74 189
52 74 25
53 74 152
54 74 87
55 74 155
56 74 184
57 74 82
58 74 162
59 74 137
60 74 192
61 74 5
62 74 101
63 74 236
64 74 209
65 74 100
66 74 214
67 74 51
68 74 113
69 74 107
70 74 76
71 74 103
72 74 80
73 74 153
74 74 164
75 74 3
76 74 208
77 74 89
78 74 227
79 74 7
80 74 196
81 74 193
82 74 28
83 74 72
84 74 120
85 74 126
86 74 149
87 74 10
88 74 243
89 74 15
90 74 37
91 74 208
92 74 120
93 74 50
94 74 224
95 74 115
96 74 83
97 74 156
98 74 247
99 74 114

0 75 210
1 75 237
2 75 217
3 75 137
4 75 145
5 75 227
6 75 158
7 75 133
8 75 250
9 75 206
10 75 166
11 75 86
12 75 13
13 75 68
14 75 125
15 75 102
16 75 93
17 75 21
18 75 2
19 75 41
20 75 91
21 75 129
22 75 201
23 75 246
24 75 215
25 75 169
26 75 189
27 75 21
28 75 196
29 75 68
30 75 10
31 75 25
32 75 60
33 75 147
34 75 58
35 75 111
36 75 196
37 75 151
38 75 157
39 75 56
40 75 208
41 75 129
42 75 239
43 75 84
44 75 138
45 75 106
46 75 53
47 75 191
48 75 207
49 75 68
50 75 232
51 75 33
52 75 122
53 75 17
54 75 85
55 75 160
56 75 230
57 75 83
58 75 68
59 75 249
60 75 174
61 75 195
62 75 216
63 75 207
64 75 183
65 75 69
66 75 182
67 75 67
68 75 113
69 75 28
70 75 105
71 75 196
72 75 89
73 75 90
74 75 6
75 75 40
76 75 195
77 75 155
78 75 11
79 75 252
80 75 214
81 75 243
82 75 141
83 75 25
84 75 216
85 75 37
86 75 147
87 75 120
88 75 172
89 75 22
90 75 189
91 75 72
92 75 152
93 75 129
94 75 41
95 75 61
96 75 76
97 75 235
98 75 150
99 75 42

0 76 32
1 76 218
2 76 202
3 76 210
4 76 158
5 76 66
6 76 50
7 76 252
8 76 64
9 76 64
10 76 201
11 76 197
12 76 122
13 76 10
14 76 58
15 76 58
16 76 251
17 76 39
18 76 73
19 76 38
20 76 49
21 76 219
22 76 111
23 76 41
24 76 11
25 76 230
26 76 196
27 76 10
28 76 2
29 76 110
30 76 35
31 76 78
32 76 90
33 76 57
34 76 136
35 76 10
36 76 165
37 76 31
38 76 188
39 76 245
40 76 138
41 76 191
42 76 53
43 76 193
44 76 196
45 76 114
46 76 55
47 76 172
48 76 109
49 76 125
50 76 64
51 76 82
52 76 125
53 76 139
54 76 163
55 76 197
56 76 142
57 76 90
58 76 115
59 76 223
60 76 226
61 76 180
62 76 162
63 76 215
64 76 166
65 76 161
66 76 106
67 76 19
68 76 120
69 76 219
70 76 236
71 76 61
72 76 40
73 76 130
74 76 24
75 76 153
76 76 187
77 76 17
78 76 204
79 76 150
80 76 182
81 76 145
82 76 64
83 76 163
84 76 153
85 76 12
86 76 161
87 76 67
88 76 169
89 76 69
90 76 252
91 76 100
92 76 242
93 76 166
94 76 94
95 76 237
96 76 141
97 76 122
98 76 58
99 76 150

0 77 31
1 77 92
2 77 10
3 77 252
4 77 162
5 77 239
6 77 57
7 77 245
8 77 104
9 77 208
10 77 65
11 77 32
12 77 92
13 77 201
14 77 17
15 77 193
16 77 140
17 77 72
18 77 177
19 77 204
20 77 228
21 77 15
22 77 40
23 77 64
24 77 60
25 77 44
26 77 158
27 77 182
28 77 150
29 77 44
30 77 190
31 77 58
32 77 160
33 77 140
34 77 94
35 77 89
36 77 129
37 77 112
38 77 98
39 77 123
40 77 209
41 77 151
42 77 221
43 77 116
44 77 233
45 77 143
46 77 122
47 77 85
48 77 94
49 77 37
50 77 27
51 77 136
52 77 200
53 77 32
54 77 191
55 77 28
56 77 200
57 77 47
58 77 169
59 77 93
60 77 73
61 77 31
62 77 191
63 77 168
64 77 5
65 77 81
66 77 48
67 77 125
68 77 75
69 77 108
70 77 89
71 77 214
72 77 0
73 77 79
74 77 234
75 77 183
76 77 229
77 77 74
78 77 68
79 77 7
80 77 23
81 77 141
82 77 38
83 77 158
84 77 220
85 77 224
86 77 137
87 77 159
88 77 156
89 77 149
90 77 200
91 77 8
92 77 46
93 77 187
94 77 4
95 77 135
96 77 86
97 77 149
98 77 199
99 77 144

0 78 139
1 78 75
2 78 231
3 78 172
4 78 253
5 78 222
6 78 174
7 78 20
8 78 214
9 78 97
10 78 55
11 78 126
12 78 192
13 78 103
14 78 27
15 78 55
16 78 168
17 78 184
18 78 78
19 78 114
20 78 194
21 78 72
22 78 67
23 78 224
24 78 206
25 78 105
26 78 87
27 78 128
28 78 153
29 78 63
30 78 108
31 78 185
32 78 198
33 78 116
34 78 212
35 78 166
36 78 206
37 78 46
38 78 114
39 78 177
40 78 70
41 78 62
42 78 27
43 78 99
44 78 97
45 78 155
46 78 66
47 78 122
48 78 181
49 78 14
50 78 213
51 78 60
52 78 66
53 78 46
54 78 98
55 78 12
56 78 176
57 78 143
58 78 126
59 78 59
60 78 216
61 78 55
62 78 103
63 78 32
64 78 134
65 78 81
66 78 232
67 78 107
68 78 125
69 78 38
70 78 125
71 78 182
72 78 188
73 78 72
74 78 184
75 78 93
76 78 0
77 78 16
78 78 227
79 78 144
80 78 138
81 78 75
82 78 231
83 78 166
84 78 34
85 78 49
86 78 109
87 78 180
88 78 92
89 78 151
90 78 66
91 78 95
92 78 26
93 78 101
94 78 0
95 78 238
96 78 82
97 78 73
98 78 235
99 78 164

0 79 18
1 79 173
2 79 25
3 79 76
4 79 193
5 79 231
6 79 214
7 79 21
8 79 167
9 79 176
10 79 70
11 79 160
12 79 176
13 79 216
14 79 76
15 79 88
16 79 108
17 79 56
18 79 171
19 79 2
20 79 91
21 79 231
22 79 107
23 79 148
24 79 104
25 79 177
26 79 127
27 79 75
28 79 179
29 79 196
30 79 164
31 79 248
32 79 147
33 79 173
34 79 140
35 79 155
36 79 220
37 79 131
38 79 60
39 79 50
40 79 93
41 79 98
42 79 179
43 79 211
44 79 173
45 79 27
46 79 204
47 79 249
48 79 40
49 79 42
50 79 101
51 79 28
52 79 52
53 79 233
54 79 193
55 79 132
56 79 201
57 79 3
58 79 43
59 79 94
60 79 48
61 79 42
62 79 220
63 79 16
64 79 10
65 79 13
66 79 31
67 79 202
68 79 149
69 79 132
70 79 179
71 79 93
72 79 43
73 79 14
74 79 113
75 79 81
76 79 11
77 79 126
78 79 46
79 79 49
80 79 92
81 79 241
82 79 227
83 79 42
84 79 111
85 79 3
86 79 12
87 79 213
88 79 69
89 79 67
90 79 77
91 79 80
92 79 81
93 79 228
94 79 91
95 79 147
96 79 126
97 79 181
98 79 26
99 79 1

0 80 116
1 80 83
2 80 3
3 80 62
4 80 23
5 80 156
6 80 201
7 80 65
8 80 81
9 80 104
10 80 60
11 80 170
12 80 18
13 80 116
14 80 109
15 80 85
16 80 149
17 80 159
18 80 19
19 80 47
20 80 228
21 80 89
22 80 45
23 80 72
24 80 158
25 80 88
26 80 233
27 80 42
28 80 248
29 80 140
30 80 197
31 80 106
32 80 2
33 80 86
34 80 244
35 80 124
36 80 44
37 80 245
38 80 3
39 80 203
40 80 8
41 80 65
42 80 188
43 80 9
44 80 81
45 80 155
46 80 75
47 80 196
48 80 45
49 80 36
50 80 159
51 80 59
52 80 175
53 80 45
54 80 19
55 80 111
56 80 160
57 80 239
58 80 78
59 80 125
60 80 127
61 80 124
62 80 103
63 80 42
64 80 198
65 80 246
66 80 77
67 80 192
68 80 111
69 80 255
70 80 103
71 80 25
72 80 183
73 80 112
74 80 119
75 80 249
76 80 34
77 80 78
78 80 196
79 80 161
80 80 191
81 80 250
82 80 120
83 80 160
84 80 173
85 80 167
86 80 71
87 80 237
88 80 222
89 80 17
90 80 81
91 80 51
92 80 27
93 80 109
94 80 74
95 80 108
96 80 72
97 80 155
98 80 216
99 80 177

0 81 234
1 81 163
2 81 60
3 81 80
4 81 230
5 81 95
6 81 53
7 81 32
8 81 139
9 81 117
10 81 33
11 81 17
12 81 211
13 81 137
14 81 102
15 81 7
16 81 230
17 81 176
18 81 16
19 81 233
20 81 224
21 81 39
22 81 188
23 81 244
24 81 212
25 81 69
26 81 180
27 81 86
28 81 17
29 81 174
30 81 91
31 81 248
32 81 164
33 81 202
34 81 204
35 81 155
36 81 30
37 81 117
38 81 190
39 81 38
40 81 151
41 81 248
42 81 171
43 81 62
44 81 242
45 81 56
46 81 49
47 81 24
48 81 99
49 81 46
50 81 184
51 81 139
52 81 47
53 81 151
54 81 85
55 81 106
56 81 179
57 81 237
58 81 238
59 81 16
60 81 168
61 81 149
62 81 159
63 81 60
64 81 165
65 81 90
66 81 93
67 81 32
68 81 229
69 81 26
70 81 217
71 81 180
72 81 75
73 81 191
74 81 167
75 81 80
76 81 163
77 81 113
78 81 160
79 81 122
80 81 43
81 81 11
82 81 133
83 81 253
84 81 82
85 81 203
86 81 229
87 81 59
88 81 191
89 81 77
90 81 64
91 81 195
92 81 149
93 81 186
94 81 108
95 81 38
96 81 246
97 81 61
98 81 56
99 81 7

0 82 198
1 82 182
2 82 80
3 82 114
4 82 177
5 82 179
6 82 96
7 82 111
8 82 111
9 82 156
10 82 124
11 82 214
12 82 70
13 82 45
14 82 192
15 82 100
16 82 209
17 82 41
18 82 51
19 82 15
20 82 1
21 82 77
22 82 241
23 82 151
24 82 97
25 82 131
26 82 138
27 82 94
28 82 158
29 82 89
30 82 165
31 82 121
32 82 70
33 82 177
34 82 233
35 82 7
36 82 208
37 82 186
38 82 29
39 82 193
40 82 221
41 82 31
42 82 141
43 82 211
44 82 189
45 82 126
46 82 176
47 82 235
48 82 53
49 82 27
50 82 9
51 82 143
52 82 127
53 82 214
54 82 75
55 82 179
56 82 147
57 82 90
58 82 192
59 82 139
60 82 165
61 82 152
62 82 235
63 82 158
64 82 239
65 82 116
66 82 109
67 82 28
68 82 176
69 82 189
70 82 37
71 82 113
72 82 117
73 82 99
74 82 155
75 82 26
76 82 151
77 82 228
78 82 159
79 82 183
80 82 5
81 82 8
82 82 45
83 82 98
84 82 67
85 82 206
86 82 148
87 82 64
88 82 179
89 82 166
90 82 215
91 82 85
92 82 20
93 82 224
94 82 84
95 82 157
96 82 72
97 82 101
98 82 163
99 82 88

0 83 90
1 83 165
2 83 193
3 83 165
4 83 191
5 83 208
6 83 110
7 83 82
8 83 220
9 83 73
10 83 211
11 83 243
12 83 201
13 83 88
14 83 104
15 83 49
16 83 85
17 83 31
18 83 21
19 83 101
20 83 74
21 83 207
22 83 152
23 83 102
24 83 242
25 83 27
26 83 38
27 83 158
28 83 217
29 83 237
30 83 85
31 83 100
32 83 213
33 83 88
34 83 57
35 83 134
36 83 68
37 83 207
38 83 205
39 83 36
40 83 149
41 83 148
42 83 149
43 83 197
44 83 10
45 83 114
46 83 130
47 83 164
48 83 187
49 83 175
50 83 22
51 83 75
52 83 223
53 83 61
54 83 200
55 83 99
56 83 71
57 83 48
58 83 170
59 83 203
60 83 43
61 83 117
62 83 73
63 83 231
64 83 41
65 83 192
66 83 213
67 83 59
68 83 139
69 83 198
70 83 130
71 83 56
72 83 201
73 83 173
74 83 45
75 83 85
76 83 78
77 83 192
78 83 67
79 83 98
80 83 127
81 83 104
82 83 223
83 83 25
84 83 250
85 83 87
86 83 50
87 83 247
88 83 27
89 83 7
90 83 40
91 83 74
92 83 197
93 83 99
94 83 72
95 83 138
96 83 95
97 83 196
98 83 221
99 83 236

0 84 28
1 84 30
2 84 83
3 84 53
4 84 128
5 84 124
6 84 227
7 84 204
8 84 32
9 84 169
10 84 115
11 84 20
12 84 169
13 84 48
14 84 183
15 84 248
16 84 35
17 84 135
18 84 157
19 84 200
20 84 119
21 84 136
22 84 232
23 84 67
24 84 47
25 84 32
26 84 26
27 84 245
28 84 126
29 84 75
30 84 152
31 84 195
32 84 128
33 84 64
34 84 9
35 84 196
36 84 194
37 84 232
38 84 255
39 84 82
40 84 5
41 84 149
42 84 217
43 84 97
44 84 63
45 84 241
46 84 232
47 84 16
48 84 227
49 84 53
50 84 208
51 84 126
52 84 98
53 84 155
54 84 49
55 84 223
56 84 242
57 84 21
58 84 135
59 84 207
60 84 142
61 84 63
62 84 79
63 84 229
64 84 62
65 84 146
66 84 108
67 84 140
68 84 152
69 84 219
70 84 200
71 84 14
72 84 135
73 84 236
74 84 62
75 84 242
76 84 75
77 84 146
78 84 184
79 84 136
80 84 193
81 84 199
82 84 148
83 84 194
84 84 229
85 84 40
86 84 77
87 84 69
88 84 149
89 84 169
90 84 87
91 84 192
92 84 152
93 84 135
94 84 74
95 84 125
96 84 222
97 84 126
98 84 67
99 84 54

0 85 9
1 85 61
2 85 135
3 85 41
4 85 45
5 85 23
6 85 106
7 85 110
8 85 212
9 85 251
10 85 112
11 85 137
12 85 70
13 85 166
14 85 177
15 85 60
16 85 7
17 85 23
18 85 130
19 85 159
20 85 160
21 85 67
22 85 81
23 85 114
24 85 162
25 85 11
26 85 209
27 85 177
28 85 233
29 85 107
30 85 88
31 85 105
32 85 30
33 85 244
34 85 133
35 85 203
36 85 127
37 85 124
38 85 37
39 85 126
40 85 227
41 85 20
42 85 87
43 85 58
44 85 248
45 85 58
46 85 239
47 85 147
48 85 208
49 85 80
50 85 25
51 85 18
52 85 156
53 85 77
54 85 63
55 85 138
56 85 183
57 85 179
58 85 44
59 85 169
60 85 230
61 85 193
62 85 113
63 85 206
64 85 222
65 85 233
66 85 7
67 85 26
68 85 6
69 85 132
70 85 55
71 85 202
72 85 127
73 85 197
74 85 183
75 85 196
76 85 98
77 85 235
78 85 22
79 85 111
80 85 72
81 85 187
82 85 89
83 85 200
84 85 16
85 85 46
86 85 231
87 85 179
88 85 220
89 85 103
90 85 162
91 85 142
92 85 93
93 85 231
94 85 87
95 85 12
96 85 81
97 85 4
98 85 88
99 85 65

0 86 73
1 86 151
2 86 103
3 86 249
4 86 176
5 86 246
6 86 214
7 86 78
8 86 9
9 86 34
10 86 237
11 86 122
12 86 120
13 86 65
14 86 140
15 86 233
16 86 132
17 86 78
18 86 17
19 86 147
20 86 27
21 86 15
22 86 124
23 86 136
24 86 214
25 86 71
26 86 210
27 86 204
28 86 127
29 86 46
30 86 191
31 86 102
32 86 209
33 86 30
34 86 126
35 86 180
36 86 126
37 86 143
38 86 254
39 86 1
40 86 119
41 86 69
42 86 61
43 86 89
44 86 103
45 86 200
46 86 248
47 86 156
48 86 128
49 86 21
50 86 135
51 86 210
52 86 123
53 86 147
54 86 3
55 86 190
56 86 218
57 86 72
58 86 169
59 86 182
60 86 113
61 86 77
62 86 131
63 86 178
64 86 36
65 86 127
66 86 69
67 86 162
68 86 242
69 86 120
70 86 117
71 86 5
72 86 51
73 86 190
74 86 206
75 86 183
76 86 29
77 86 57
78 86 231
79 86 10
80 86 141
81 86 235
82 86 16
83 86 25
84 86 5
85 86 219
86 86 124
87 86 89
88 86 240
89 86 82
90 86 166
91 86 113
92 86 46
93 86 74
94 86 237
95 86 76
96 86 204
97 86 36
98 86 129
99 86 108

0 87 19
1 87 153
2 87 131
3 87 129
4 87 197
5 87 243
6 87 104
7 87 58
8 87 163
9 87 125
10 87 159
11 87 91
12 87 50
13 87 56
14 87 115
15 87 16
16 87 191
17 87 207
18 87 50
19 87 128
20 87 161
21 87 205
22 87 143
23 87 166
24 87 190
25 87 14
26 87 69
27 87 92
28 87 81
29 87 115
30 87 253
31 87 185
32 87 234
33 87 218
34 87 114
35 87 157
36 87 182
37 87 78
38 87 211
39 87 138
40 87 0
41 87 122
42 87 105
43 87 182
44 87 248
45 87 100
46 87 121
47 87 94
48 87 179
49 87 88
50 87 108
51 87 92
52 87 116
53 87 33
54 87 45
55 87 252
56 87 42
57 87 128
58 87 211
59 87 12
60 87 57
61 87 214
62 87 128
63 87 50
64 87 125
65 87 36
66 87 136
67 87 131
68 87 140
69 87 53
70 87 214
71 87 80
72 87 60
73 87 26
74 87 140
75 87 67
76 87 102
77 87 215
78 87 234
79 87 171
80 87 233
81 87 92
82 87 113
83 87 21
84 87 241
85 87 183
86 87 72
87 87 28
88 87 121
89 87 135
90 87 222
91 87 130
92 87 14
93 87 180
94 87 209
95 87 127
96 87 214
97 87 93
98 87 15
99 87 88

0 88 210
1 88 18
2 88 59
3 88 52
4 88 96
5 88 68
6 88 82
7 88 44
8 88 4
9 88 249
10 88 142
11 88 161
12 88 103
13 88 196
14 88 138
15 88 210
16 88 160
17 88 245
18 88 168
19 88 173
20 88 179
21 88 13
22 88 176
23 88 230
24 88 87
25 88 117
26 88 185
27 88 71
28 88 253
29 88 111
30 88 77
31 88 71
32 88 13
33 88 76
34 88 200
35 88 221
36 88 115
37 88 224
38 88 1
39 88 150
40 88 90
41 88 51
42 88 44
43 88 230
44 88 55
45 88 121
46 88 255
47 88 187
48 88 10
49 88 68
50 88 20
51 88 88
52 88 225
53 88 249
54 88 143
55 88 97
56 88 157
57 88 128
58 88 0
59 88 50
60 88 248
61 88 64
62 88 139
63 88 117
64 88 199
65 88 75
66 88 70
67 88 244
68 88 125
69 88 213
70 88 226
71 88 171
72 88 241
73 88 235
74 88 142
75 88 34
76 88 97
77 88 98
78 88 24
79 88 250
80 88 182
81 88 13
82 88 85
83 88 197
84 88 9
85 88 51
86 88 196
87 88 27
88 88 103
89 88 63
90 88 110
91 88 234
92 88 209
93 88 186
94 88 16
95 88 13
96 88 135
97 88 119
98 88 124
99 88 32

0 89 135
1 89 13
2 89 61
3 89 147
4 89 80
5 89 138
6 89 122
7 89 254
8 89 235
9 89 102
10 89 29
11 89 180
12 89 44
13 89 182
14 89 51
15 89 155
16 89 54
17 89 162
18 89 150
19 89 59
20 89 61
21 89 25
22 89 202
23 89 20
24 89 144
25 89 196
26 89 38
27 89 53
28 89 214
29 89 56
30 89 52
31 89 10
32 89 151
33 89 111
34 89 90
35 89 118
36 89 255
37 89 121
38 89 185
39 89 33
40 89 223
41 89 111
42 89 85
43 89 20
44 89 245
45 89 169
46 89 118
47 89 131
48 89 109
49 89 48
50 89 79
51 89 233
52 89 167
53 89 118
54 89 222
55 89 91
56 89 59
57 89 69
58 89 19
59 89 21
60 89 59
61 89 246
62 89 52
63 89 90
64 89 184
65 89 227
66 89 128
67 89 123
68 89 135
69 89 31
70 89 19
71 89 53
72 89 68
73 89 100
74 89 9
75 89 63
76 89 152
77 89 76
78 89 230
79 89 36
80 89 184
81 89 196
82 89 54
83 89 79
84 89 46
85 89 190
86 89 112
87 89 100
88 89 220
89 89 39
90 89 32
91 89 215
92 89 62
93 89 25
94 89 69
95 89 183
96 89 239
97 89 81
98 89 248
99 89 202

0 90 111
1 90 227
2 90 79
3 90 223
4 90 35
5 90 44
6 90 129
7 90 96
8 90 157
9 90 9
10 90 75
11 90 39
12 90 30
13 90 70
14 90 146
15 90 146
16 90 89
17 90 90
18 90 73
19 90 218
20 90 122
21 90 81
22 90 149
23 90 160
24 90 103
25 90 9
26 90 47
27 90 201
28 90 70
29 90 161
30 90 11
31 90 140
32 90 63
33 90 47
34 90 55
35 90 201
36 90 131
37 90 177
38 90 5
39 90 157
40 90 141
41 90 71
42 90 108
43 90 51
44 90 168
45 90 159
46 90 172
47 90 221
48 90 177
49 90 176
50 90 49
51 90 99
52 90 30
53 90 171
54 90 186
55 90 155
56 90 63
57 90 46
58 90 186
59 90 57
60 90 196
61 90 187
62 90 254
63 90 233
64 90 128
65 90 106
66 90 145
67 90 155
68 90 108
69 90 218
70 90 221
71 90 30
72 90 239
73 90 109
74 90 18
75 90 241
76 90 92
77 90 181
78 90 204
79 90 86
80 90 189
81 90 41
82 90 240
83 90 167
84 90 207
85 90 29
86 90 214
87 90 237
88 90 77
89 90 241
90 90 174
91 90 175
92 90 113
93 90 136
94 90 28
95 90 8
96 90 185
97 90 251
98 90 38
99 90 252

0 91 231
1 91 143
2 91 80
3 91 12
4 91 75
5 91 229
6 91 5
7 91 8
8 91 68
9 91 113
10 91 57
11 91 37
12 91 5
13 91 45
14 91 77
15 91 80
16 91 149
17 91 143
18 91 51
19 91 193
20 91 25
21 91 184
22 91 210
23 91 210
24 91 86
25 91 238
26 91 172
27 91 18
28 91 114
29 91 76
30 91 190
31 91 149
32 91 250
33 91 184
34 91 167
35 91 143
36 91 42
37 91 22
38 91 13
39 91 33
40 91 104
41 91 187
42 91 61
43 91 115
44 91 17
45 91 37
46 91 17
47 91 3
48 91 120
49 91 233
50 91 23
51 91 61
52 91 44
53 91 236
54 91 239
55 91 75
56 91 122
57 91 214
58 91 245
59 91 46
60 91 51
61 91 196
62 91 33
63 91 14
64 91 176
65 91 62
66 91 43
67 91 206
68 91 18
69 91 104
70 91 242
71 91 228
72 91 206
73 91 124
74 91 30
75 91 104
76 91 106
77 91 119
78 91 4
79 91 106
80 91 129
81 91 19
82 91 203
83 91 137
84 91 13
85 91 246
86 91 205
87 91 193
88 91 230
89 91 41
90 91 64
91 91 133
92 91 133
93 91 203
94 91 22
95 91 14
96 91 14
97 91 7
98 91 33
99 91 242

0 92 142
1 92 67
2 92 123
3 92 248
4 92 128
5 92 154
6 92 37
7 92 43
8 92 151
9 92 141
10 92 238
11 92 45
12 92 183
13 92 245
14 92 151
15 92 206
16 92 68
17 92 60
18 92 52
19 92 221
20 92 160
21 92 205
22 92 213
23 92 63
24 92 239
25 92 201
26 92 102
27 92 61
28 92 30
29 92 252
30 92 212
31 92 34
32 92 35
33 92 15
34 92 114
35 92 6
36 92 134
37 92 255
38 92 154
39 92 229
40 92 32
41 92 206
42 92 151
43 92 244
44 92 35
45 92 120
46 92 194
47 92 52
48 92 90
49 92 40
50 92 236
51 92 71
52 92 178
53 92 172
54 92 252
55 92 131
56 92 250
57 92 38
58 92 217
59 92 69
60 92 231
61 92 5
62 92 139
63 92 135
64 92 91
65 92 52
66 92 157
67 92 181
68 92 230
69 92 145
70 92 197
71 92 189
72 92 142
73 92 161
74 92 199
75 92 102
76 92 203
77 92 130
78 92 150
79 92 226
80 92 214
81 92 33
82 92 188
83 92 166
84 92 35
85 92 173
86 92 253
87 92 121
88 92 44
89 92 75
90 92 55
91 92 203
92 92 113
93 92 11
94 92 141
95 92 73
96 92 189
97 92 26
98 92 196
99 92 174

0 93 170
1 93 58
2 93 237
3 93 220
4 93 103
5 93 112
6 93 69
7 93 43
8 93 185
9 93 252
10 93 89
11 93 1
12 93 64
13 93 142
14 93 110
15 93 163
16 93 252
17 93 183
18 93 31
19 93 74
20 93 16
21 93 158
22 93 72
23 93 122
24 93 197
25 93 244
26 93 35
27 93 143
28 93 209
29 93 42
30 93 177
31 93 153
32 93 218
33 93 225
34 93 92
35 93 105
36 93 54
37 93 162
38 93 218
39 93 236
40 93 245
41 93 207
42 93 84
43 93 184
44 93 33
45 93 217
46 93 200
47 93 229
48 93 68
49 93 180
50 93 172
51 93 30
52 93 43
53 93 136
54 93 212
55 93 247
56 93 234
57 93 170
58 93 149
59 93 129
60 93 32
61 93 202
62 93 43
63 93 29
64 93 124
65 93 110
66 93 88
67 93 141
68 93 128
69 93 159
70 93 78
71 93 81
72 93 133
73 93 225
74 93 207
75 93 48
76 93 0
77 93 105
78 93 147
79 93 21
80 93 3
81 93 139
82 93 234
83 93 28
84 93 7
85 93 114
86 93 162
87 93 237
88 93 232
89 93 19
90 93 43
91 93 73
92 93 49
93 93 99
94 93 249
95 93 226
96 93 154
97 93 200
98 93 42
99 93 112

0 94 207
1 94 206
2 94 105
3 94 1
4 94 115
5 94 28
6 94 18
7 94 144
8 94 101
9 94 166
10 94 150
11 94 218
12 94 66
13 94 36
14 94 34
15 94 109
16 94 43
17 94 194
18 94 123
19 94 2
20 94 200
21 94 25
22 94 45
23 94 12
24 94 140
25 94 94
26 94 228
27 94 145
28 94 59
29 94 217
30 94 26
31 94 57
32 94 170
33 94 153
34 94 242
35 94 165
36 94 199
37 94 103
38 94 100
39 94 1
40 94 216
41 94 248
42 94 155
43 94 221
44 94 8
45 94 103
46 94 155
47 94 56
48 94 31
49 94 226
50 94 39
51 94 222
52 94 145
53 94 163
54 94 226
55 94 245
56 94 186
57 94 33
58 94 180
59 94 210
60 94 104
61 94 136
62 94 111
63 94 17
64 94 154
65 94 103
66 94 179
67 94 228
68 94 135
69 94 169
70 94 15
71 94 171
72 94 226
73 94 199
74 94 104
75 94 197
76 94 93
77 94 60
78 94 159
79 94 166
80 94 108
81 94 56
82 94 110
83 94 42
84 94 75
85 94 152
86 94 147
87 94 41
88 94 66
89 94 22
90 94 49
91 94 76
92 94 40
93 94 189
94 94 115
95 94 31
96 94 38
97 94 161
98 94 114
99 94 103

0 95 189
1 95 204
2 95 89
3 95 181
4 95 10
5 95 123
6 95 199
7 95 59
8 95 73
9 95 139
10 95 116
11 95 223
12 95 153
13 95 46
14 95 24
15 95 142
16 95 254
17 95 226
18 95 136
19 95 211
20 95 172
21 95 164
22 95 34
23 95 168
24 95 131
25 95 96
26 95 108
27 95 140
28 95 214
29 95 173
30 95 248
31 95 213
32 95 112
33 95 183
34 95 139
35 95 72
36 95 217
37 95 124
38 95 125
39 95 231
40 95 213
41 95 60
42 95 99
43 95 10
44 95 46
45 95 42
46 95 236
47 95 177
48 95 179
49 95 104
50 95 9
51 95 25
52 95 129
53 95 50
54 95 81
55 95 141
56 95 129
57 95 90
58 95 163
59 95 127
60 95 50
61 95 244
62 95 13
63 95 215
64 95 169
65 95 82
66 95 236
67 95 139
68 95 214
69 95 51
70 95 85
71 95 112
72 95 8
73 95 55
74 95 180
75 95 80
76 95 179
77 95 150
78 95 179
79 95 60
80 95 114
81 95 18
82 95 94
83 95 35
84 95 72
85 95 42
86 95 132
87 95 164
88 95 43
89 95 145
90 95 96
91 95 33
92 95 195
93 95 222
94 95 120
95 95 21
96 95 111
97 95 133
98 95 198
99 95 167

0 96 137
1 96 6
2 96 22
3 96 127
4 96 235
5 96 100
6 96 175
7 96 216
8 96 177
9 96 217
10 96 53
11 96 214
12 96 65
13 96 200
14 96 206
15 96 26
16 96 137
17 96 243
18 96 132
19 96 149
20 96 136
21 96 238
22 96 235
23 96 153
24 96 16
25 96 212
26 96 3
27 96 54
28 96 202
29 96 56
30 96 95
31 96 195
32 96 122
33 96 94
34 96 135
35 96 187
36 96 132
37 96 171
38 96 156
39 96 203
40 96 176
41 96 91
42 96 58
43 96 40
44 96 42
45 96 114
46 96 162
47 96 38
48 96 205
49 96 245
50 96 25
51 96 7
52 96 160
53 96 89
54 96 139
55 96 16
56 96 161
57 96 60
58 96 116
59 96 227
60 96 194
61 96 83
62 96 1
63 96 8
64 96 50
65 96 164
66 96 114
67 96 205
68 96 221
69 96 245
70 96 194
71 96 80
72 96 54
73 96 132
74 96 138
75 96 218
76 96 52
77 96 248
78 96 35
79 96 110
80 96 154
81 96 152
82 96 10
83 96 162
84 96 124
85 96 187
86 96 137
87 96 174
88 96 255
89 96 127
90 96 148
91 96 195
92 96 96
93 96 190
94 96 242
95 96 158
96 96 56
97 96 62
98 96 157
99 96 92

0 97 254
1 97 40
2 97 106
3 97 144
4 97 205
5 97 188
6 97 236
7 97 147
8 97 103
9 97 66
10 97 150
11 97 27
12 97 123
13 97 68
14 97 33
15 97 15
16 97 35
17 97 250
18 97 45
19 97 154
20 97 177
21 97 6
22 97 43
23 97 127
24 97 171
25 97 98
26 97 122
27 97 172
28 97 20
29 97 150
30 97 208
31 97 17
32 97 237
33 97 46
34 97 220
35 97 178
36 97 252
37 97 107
38 97 42
39 97 251
40 97 204
41 97 57
42 97 70
43 97 84
44 97 245
45 97 97
46 97 36
47 97 246
48 97 157
49 97 0
50 97 191
51 97 253
52 97 63
53 97 56
54 97 1
55 97 190
56 97 172
57 97 37
58 97 227
59 97 90
60 97 79
61 97 18
62 97 213
63 97 148
64 97 180
65 97 237
66 97 96
67 97 223
68 97 76
69 97 249
70 97 10
71 97 187
72 97 106
73 97 195
74 97 122
75 97 66
76 97 146
77 97 87
78 97 220
79 97 254
80 97 243
81 97 179
82 97 135
83 97 254
84 97 50
85 97 124
86 97 221
87 97 41
88 97 105
89 97 240
90 97 115
91 97 210
92 97 112
93 97 28
94 97 115
95 97 140
96 97 91
97 97 79
98 97 62
99 97 63

0 98 67
1 98 206
2 98 85
3 98 123
4 98 74
5 98 201
6 98 121
7 98 13
8 98 217
9 98 142
10 98 17
11 98 208
12 98 44
13 98 253
14 98 205
15 98 198
16 98 17
17 98 60
18 98 137
19 98 103
20 98 236
21 98 172
22 98 116
23 98 57
24 98 255
25 98 27
26 98 113
27 98 161
28 98 232
29 98 59
30 98 189
31 98 249
32 98 107
33 98 82
34 98 210
35 98 226
36 98 114
37 98 52
38 98 140
39 98 220
40 98 82
41 98 111
42 98 139
43 98 20
44 98 80
45 98 197
46 98 216
47 98 124
48 98 100
49 98 223
50 98 203
51 98 33
52 98 61
53 98 63
54 98 44
55 98 186
56 98 132
57 98 119
58 98 152
59 98 124
60 98 101
61 98 152
62 98 38
63 98 54
64 98 76
65 98 238
66 98 75
67 98 153
68 98 236
69 98 234
70 98 251
71 98 215
72 98 134
73 98 96
74 98 17
75 98 113
76 98 104
77 98 243
78 98 241
79 98 73
80 98 180
81 98 205
82 98 108
83 98 255
84 98 98
85 98 147
86 98 228
87 98 122
88 98 136
89 98 151
90 98 176
91 98 197
92 98 217
93 98 80
94 98 193
95 98 29
96 98 108
97 98 8
98 98 134
99 98 72

0 99 192
1 99 213
2 99 14
3 99 40
4 99 252
5 99 202
6 99 109
7 99 143
8 99 123
9 99 110
10 99 96
11 99 85
12 99 135
13 99 109
14 99 52
15 99 168
16 99 101
17 99 142
18 99 227
19 99 164
20 99 147
21 99 229
22 99 129
23 99 35
24 99 77
25 99 74
26 99 214
27 99 215
28 99 85
29 99 10
30 99 77
31 99 150
32 99 244
33 99 220
34 99 13
35 99 244
36 99 60
37 99 22
38 99 101
39 99 23
40 99 145
41 99 32
42 99 109
43 99 199
44 99 104
45 99 41
46 99 234
47 99 197
48 99 77
49 99 26
50 99 115
51 99 94
52 99 43
53 99 200
54 99 210
55 99 63
56 99 200
57 99 110
58 99 173
59 99 139
60 99 143
61 99 90
62 99 102
63 99 43
64 99 146
65 99 230
66 99 63
67 99 102
68 99 207
69 99 170
70 99 194
71 99 177
72 99 178
73 99 240
74 99 96
75 99 200
76 99 220
77 99 104
78 99 88
79 99 253
80 99 35
81 99 30
82 99 218
83 99 208
84 99 218
85 99 168
86 99 108
87 99 193
88 99 82
89 99 164
90 99 142
91 99 98
92 99 160
93 99 98
94 99 153
95 99 176
96 99 161
97 99 221
98 99 237
99 99 163

