0 0 41
1 0 35
2 0 190
3 0 132
4 0 225
5 0 108
6 0 214
7 0 174
8 0 82
9 0 144
10 0 73
11 0 241
12 0 241
13 0 187
14 0 233
15 0 235
16 0 179
17 0 166
18 0 219
19 0 60
20 0 135
21 0 12
22 0 62
23 0 153
24 0 36
25 0 94
26 0 13
27 0 28
28 0 6
29 0 183
30 0 71
31 0 222
32 0 179
33 0 18
34 0 77
35 0 200
36 0 67
37 0 187
38 0 139
39 0 166
40 0 31
41 0 3
42 0 90
43 0 125
44 0 9
45 0 56
46 0 37
47 0 31
48 0 93
49 0 212
50 0 203
51 0 252
52 0 150
53 0 245
54 0 69
55 0 59
56 0 19
57 0 13
58 0 137
59 0 10
60 0 28
61 0 219
62 0 174
63 0 50
64 0 32
65 0 154
66 0 80
67 0 238
68 0 64
69 0 120
70 0 54
71 0 253
72 0 18
73 0 73
74 0 50
75 0 246
76 0 158
77 0 125
78 0 73
79 0 220
80 0 173
81 0 79
82 0 20
83 0 242
84 0 68
85 0 64
86 0 102
87 0 208
88 0 107
89 0 196
90 0 48
91 0 183
92 0 50
93 0 59
94 0 161
95 0 34
96 0 246
97 0 34
98 0 145
99 0 157

0 1 225
1 1 139
2 1 31
3 1 218
4 1 176
5 1 202
6 1 153
7 1 2
8 1 185
9 1 114
10 1 157
11 1 73
12 1 44
13 1 128
14 1 126
15 1 197
16 1 153
17 1 213
18 1 233
19 1 128
20 1 178
21 1 234
22 1 201
23 1 204
24 1 83
25 1 191
26 1 103
27 1 214
28 1 191
29 1 20
30 1 214
31 1 126
32 1 45
33 1 220
34 1 142
35 1 102
36 1 131
37 1 239
38 1 87
39 1 73
40 1 97
41 1 255
42 1 105
43 1 143
44 1 97
45 1 205
46 1 209
47 1 30
48 1 157
49 1 156
50 1 22
51 1 114
52 1 114
53 1 230
54 1 29
55 1 240
56 1 132
57 1 79
58 1 74
59 1 119
60 1 2
61 1 215
62 1 232
63 1 57
64 1 44
65 1 83
66 1 203
67 1 201
68 1 18
69 1 30
70 1 51
71 1 116
72 1 158
73 1 12
74 1 244
75 1 213
76 1 212
77 1 159
78 1 212
79 1 164
80 1 89
81 1 126
82 1 53
83 1 207
84 1 50
85 1 34
86 1 244
87 1 204
88 1 207
89 1 211
90 1 144
91 1 45
92 1 72
93 1 211
94 1 143
95 1 117
96 1 230
97 1 217
98 1 29
99 1 42

0 2 229
1 2 192
2 2 247
3 2 43
4 2 120
5 2 129
6 2 135
7 2 68
8 2 14
9 2 95
10 2 80
11 2 0
12 2 212
13 2 97
14 2 141
15 2 190
16 2 123
17 2 5
18 2 21
19 2 7
20 2 59
21 2 51
22 2 130
23 2 31
24 2 24
25 2 112
26 2 146
27 2 218
28 2 100
29 2 84
30 2 206
31 2 177
32 2 133
33 2 62
34 2 105
35 2 21
36 2 248
37 2 70
38 2 106
39 2 4
40 2 150
41 2 115
42 2 14
43 2 217
44 2 22
45 2 47
46 2 103
47 2 104
48 2 212
49 2 247
50 2 74
51 2 74
52 2 208
53 2 87
54 2 104
55 2 118
56 2 250
57 2 22
58 2 187
59 2 17
60 2 173
61 2 174
62 2 36
63 2 136
64 2 121
65 2 254
66 2 82
67 2 219
68 2 37
69 2 67
70 2 229
71 2 60
72 2 244
73 2 69
74 2 211
75 2 216
76 2 40
77 2 206
78 2 11
79 2 245
80 2 197
81 2 96
82 2 89
83 2 61
84 2 151
85 2 39
86 2 138
87 2 89
88 2 118
89 2 45
90 2 208
91 2 194
92 2 201
93 2 205
94 2 104
95 2 212
96 2 73
97 2 106
98 2 121
99 2 37

0 3 8
1 3 97
2 3 64
3 3 20
4 3 177
5 3 59
6 3 106
7 3 165
8 3 17
9 3 40
10 3 193
11 3 140
12 3 214
13 3 169
14 3 11
15 3 135
16 3 151
17 3 140
18 3 47
19 3 241
20 3 21
21 3 29
22 3 154
23 3 149
24 3 193
25 3 155
26 3 225
27 3 192
28 3 126
29 3 233
30 3 168
31 3 154
32 3 167
33 3 134
34 3 194
35 3 181
36 3 84
37 3 191
38 3 154
39 3 231
40 3 217
41 3 35
42 3 209
43 3 85
44 3 144
45 3 56
46 3 40
47 3 209
48 3 217
49 3 108
50 3 161
51 3 102
52 3 94
53 3 78
54 3 225
55 3 48
56 3 156
57 3 254
58 3 217
59 3 113
60 3 159
61 3 226
62 3 165
63 3 226
64 3 12
65 3 155
66 3 180
67 3 71
68 3 101
69 3 56
70 3 42
71 3 70
72 3 137
73 3 169
74 3 130
75 3 121
76 3 122
77 3 118
78 3 120
79 3 194
80 3 99
81 3 177
82 3 38
83 3 223
84 3 218
85 3 41
86 3 109
87 3 62
88 3 98
89 3 224
90 3 150
91 3 18
92 3 52
93 3 191
94 3 57
95 3 166
96 3 63
97 3 137
98 3 94
99 3 241

0 4 109
1 4 14
2 4 227
3 4 108
4 4 40
5 4 161
6 4 30
7 4 32
8 4 29
9 4 203
10 4 194
11 4 3
12 4 63
13 4 65
14 4 7
15 4 132
16 4 15
17 4 20
18 4 5
19 4 101
20 4 27
21 4 40
22 4 97
23 4 201
24 4 197
25 4 231
26 4 44
27 4 142
28 4 70
29 4 54
30 4 8
31 4 220
32 4 243
33 4 168
34 4 141
35 4 254
36 4 190
37 4 242
38 4 235
39 4 113
40 4 255
41 4 160
42 4 208
43 4 59
44 4 117
45 4 6
46 4 140
47 4 126
48 4 135
49 4 120
50 4 115
51 4 77
52 4 208
53 4 190
54 4 130
55 4 190
56 4 219
57 4 194
58 4 70
59 4 65
60 4 43
61 4 140
62 4 250
63 4 48
64 4 127
65 4 112
66 4 240
67 4 167
68 4 84
69 4 134
70 4 50
71 4 149
72 4 170
73 4 91
74 4 104
75 4 19
76 4 11
77 4 230
78 4 252
79 4 245
80 4 202
81 4 190
82 4 125
83 4 159
84 4 137
85 4 138
86 4 65
87 4 27
88 4 253
89 4 184
90 4 79
91 4 104
92 4 246
93 4 114
94 4 123
95 4 20
96 4 153
97 4 205
98 4 211
99 4 13

0 5 240
1 5 68
2 5 58
3 5 180
4 5 166
5 5 102
6 5 83
7 5 51
8 5 11
9 5 203
10 5 161
11 5 16
12 5 94
13 5 76
14 5 236
15 5 3
16 5 76
17 5 115
18 5 230
19 5 5
20 5 180
21 5 49
22 5 14
23 5 170
24 5 173
25 5 207
26 5 213
27 5 176
28 5 202
29 5 39
30 5 255
31 5 216
32 5 157
33 5 20
34 5 77
35 5 244
36 5 121
37 5 39
38 5 89
39 5 66
40 5 124
41 5 156
42 5 193
43 5 248
44 5 205
45 5 140
46 5 135
47 5 32
48 5 35
49 5 100
50 5 184
51 5 166
52 5 135
53 5 149
54 5 76
55 5 176
56 5 90
57 5 141
58 5 78
59 5 45
60 5 153
61 5 231
62 5 61
63 5 177
64 5 96
65 5 222
66 5 177
67 5 128
68 5 173
69 5 8
70 5 65
71 5 233
72 5 103
73 5 65
74 5 165
75 5 213
76 5 159
77 5 228
78 5 24
79 5 159
80 5 21
81 5 66
82 5 0
83 5 38
84 5 254
85 5 76
86 5 209
87 5 33
88 5 4
89 5 147
90 5 47
91 5 179
92 5 143
93 5 115
94 5 83
95 5 64
96 5 67
97 5 138
98 5 175
99 5 126

0 6 202
1 6 111
2 6 213
3 6 207
4 6 211
5 6 161
6 6 149
7 6 206
8 6 90
9 6 190
10 6 101
11 6 39
12 6 42
13 6 246
14 6 7
15 6 173
16 6 161
17 6 190
18 6 101
19 6 166
20 6 180
21 6 201
22 6 192
23 6 105
24 6 50
25 6 52
26 6 9
27 6 44
28 6 77
29 6 1
30 6 143
31 6 23
32 6 86
33 6 198
34 6 219
35 6 157
36 6 200
37 6 166
38 6 216
39 6 11
40 6 136
41 6 129
42 6 56
43 6 97
44 6 107
45 6 104
46 6 18
47 6 98
48 6 249
49 6 84
50 6 208
51 6 231
52 6 113
53 6 23
54 6 72
55 6 120
56 6 13
57 6 146
58 6 41
59 6 29
60 6 134
61 6 41
62 6 153
63 6 114
64 6 219
65 6 116
66 6 28
67 6 250
68 6 79
69 6 55
70 6 184
71 6 181
72 6 176
73 6 149
74 6 87
75 6 245
76 6 223
77 6 128
78 6 108
79 6 109
80 6 141
81 6 116
82 6 217
83 6 139
84 6 67
85 6 101
86 6 17
87 6 8
88 6 165
89 6 246
90 6 121
91 6 189
92 6 247
93 6 235
94 6 21
95 6 184
96 6 224
97 6 225
98 6 96
99 6 143

0 7 110
1 7 60
2 7 123
3 7 244
4 7 91
5 7 98
6 7 138
7 7 138
8 7 143
9 7 39
10 7 92
11 7 247
12 7 229
13 7 135
14 7 74
15 7 59
16 7 50
17 7 155
18 7 97
19 7 64
20 7 132
21 7 198
22 7 195
23 7 177
24 7 167
25 7 48
26 7 74
27 7 16
28 7 238
29 7 117
30 7 111
31 7 3
32 7 47
33 7 158
34 7 106
35 7 239
36 7 16
37 7 80
38 7 155
39 7 200
40 7 129
41 7 67
42 7 41
43 7 40
44 7 138
45 7 246
46 7 233
47 7 158
48 7 71
49 7 161
50 7 129
51 7 72
52 7 49
53 7 108
54 7 205
55 7 164
56 7 158
57 7 222
58 7 129
59 7 163
60 7 140
61 7 152
62 7 16
63 7 255
64 7 154
65 7 67
66 7 205
67 7 207
68 7 87
69 7 199
70 7 80
71 7 89
72 7 191
73 7 189
74 7 28
75 7 39
76 7 3
77 7 40
78 7 127
79 7 93
80 7 137
81 7 95
82 7 185
83 7 73
84 7 52
85 7 78
86 7 96
87 7 60
88 7 229
89 7 222
90 7 2
91 7 152
92 7 66
93 7 178
94 7 13
95 7 43
96 7 182
97 7 20
98 7 236
99 7 187

0 8 184
1 8 47
2 8 115
3 8 226
4 8 81
5 8 126
6 8 125
7 8 29
8 8 216
9 8 132
10 8 211
11 8 31
12 8 1
13 8 190
14 8 80
15 8 107
16 8 22
17 8 214
18 8 67
19 8 33
20 8 131
21 8 25
22 8 21
23 8 24
24 8 152
25 8 43
26 8 44
27 8 46
28 8 139
29 8 249
30 8 14
31 8 220
32 8 188
33 8 240
34 8 202
35 8 14
36 8 61
37 8 109
38 8 148
39 8 49
40 8 146
41 8 116
42 8 175
43 8 141
44 8 181
45 8 164
46 8 144
47 8 213
48 8 94
49 8 106
50 8 64
51 8 252
52 8 128
53 8 118
54 8 2
55 8 75
56 8 23
57 8 107
58 8 54
59 8 177
60 8 33
61 8 219
62 8 125
63 8 90
64 8 234
65 8 114
66 8 30
67 8 130
68 8 141
69 8 113
70 8 168
71 8 140
72 8 184
73 8 94
74 8 217
75 8 78
76 8 175
77 8 250
78 8 191
79 8 176
80 8 148
81 8 116
82 8 29
83 8 117
84 8 229
85 8 220
86 8 16
87 8 88
88 8 70
89 8 218
90 8 242
91 8 91
92 8 129
93 8 160
94 8 127
95 8 92
96 8 203
97 8 29
98 8 54
99 8 233

0 9 73
1 9 116
2 9 2
3 9 85
4 9 210
5 9 172
6 9 26
7 9 11
8 9 247
9 9 169
10 9 38
11 9 35
12 9 64
13 9 91
14 9 163
15 9 51
16 9 185
17 9 53
18 9 136
19 9 104
20 9 173
21 9 225
22 9 42
23 9 213
24 9 178
25 9 50
26 9 93
27 9 10
28 9 229
29 9 90
30 9 220
31 9 233
32 9 119
33 9 93
34 9 235
35 9 181
36 9 105
37 9 197
38 9 58
39 9 108
40 9 147
41 9 152
42 9 13
43 9 87
44 9 235
45 9 135
46 9 154
47 9 223
48 9 4
49 9 104
50 9 178
51 9 162
52 9 213
53 9 230
54 9 164
55 9 198
56 9 188
57 9 119
58 9 95
59 9 141
60 9 195
61 9 143
62 9 214
63 9 42
64 9 33
65 9 20
66 9 169
67 9 212
68 9 4
69 9 17
70 9 1
71 9 24
72 9 141
73 9 174
74 9 187
75 9 115
76 9 28
77 9 96
78 9 202
79 9 32
80 9 207
81 9 93
82 9 214
83 9 47
84 9 69
85 9 83
86 9 41
87 9 215
88 9 168
89 9 89
90 9 204
91 9 13
92 9 234
93 9 38
94 9 237
95 9 85
96 9 78
97 9 128
98 9 132
99 9 217

0 10 43
1 10 248
2 10 55
3 10 184
4 10 237
5 10 213
6 10 122
7 10 160
8 10 92
9 10 78
10 10 250
11 10 159
12 10 33
13 10 252
14 10 60
15 10 54
16 10 133
17 10 142
18 10 129
19 10 176
20 10 125
21 10 191
22 10 238
23 10 177
24 10 228
25 10 133
26 10 233
27 10 18
28 10 7
29 10 139
30 10 198
31 10 236
32 10 102
33 10 226
34 10 163
35 10 243
36 10 185
37 10 244
38 10 144
39 10 6
40 10 50
41 10 185
42 10 244
43 10 4
44 10 2
45 10 45
46 10 44
47 10 224
48 10 30
49 10 1
50 10 116
51 10 248
52 10 67
53 10 144
54 10 11
55 10 162
56 10 55
57 10 22
58 10 146
59 10 8
60 10 83
61 10 28
62 10 181
63 10 55
64 10 62
65 10 55
66 10 14
67 10 114
68 10 251
69 10 242
70 10 70
71 10 204
72 10 38
73 10 9
74 10 126
75 10 246
76 10 122
77 10 216
78 10 237
79 10 85
80 10 151
81 10 18
82 10 202
83 10 87
84 10 2
85 10 182
86 10 108
87 10 8
88 10 110
89 10 63
90 10 176
91 10 224
92 10 58
93 10 28
94 10 155
95 10 223
96 10 58
97 10 95
98 10 64
99 10 221

0 11 186
1 11 185
2 11 228
3 11 27
4 11 192
5 11 166
6 11 97
7 11 29
8 11 146
9 11 229
10 11 200
11 11 188
12 11 120
13 11 43
14 11 74
15 11 119
16 11 195
17 11 24
18 11 89
19 11 10
20 11 14
21 11 106
22 11 10
23 11 66
24 11 196
25 11 113
26 11 190
27 11 15
28 11 227
29 11 195
30 11 1
31 11 219
32 11 255
33 11 48
34 11 178
35 11 26
36 11 137
37 11 248
38 11 101
39 11 34
40 11 81
41 11 60
42 11 5
43 11 61
44 11 74
45 11 179
46 11 190
47 11 253
48 11 141
49 11 158
50 11 25
51 11 208
52 11 161
53 11 254
54 11 105
55 11 212
56 11 250
57 11 4
58 11 103
59 11 237
60 11 191
61 11 201
62 11 25
63 11 20
64 11 209
65 11 63
66 11 248
67 11 242
68 11 8
69 11 104
70 11 81
71 11 173
72 11 192
73 11 197
74 11 236
75 11 2
76 11 148
77 11 18
78 11 236
79 11 148
80 11 105
81 11 48
82 11 246
83 11 131
84 11 175
85 11 99
86 11 149
87 11 65
88 11 227
89 11 189
90 11 221
91 11 161
92 11 88
93 11 218
94 11 79
95 11 49
96 11 56
97 11 206
98 11 253
99 11 202

0 12 197
1 12 92
2 12 239
3 12 101
4 12 229
5 12 105
6 12 196
7 12 48
8 12 222
9 12 175
10 12 156
11 12 226
12 12 94
13 12 182
14 12 54
15 12 75
16 12 190
17 12 0
18 12 86
19 12 47
20 12 135
21 12 132
22 12 106
23 12 84
24 12 54
25 12 95
26 12 108
27 12 218
28 12 60
29 12 197
30 12 10
31 12 203
32 12 73
33 12 61
34 12 5
35 12 243
36 12 202
37 12 14
38 12 215
39 12 242
40 12 177
41 12 244
42 12 152
43 12 143
44 12 116
45 12 24
46 12 34
47 12 79
48 12 88
49 12 63
50 12 116
51 12 71
52 12 239
53 12 66
54 12 84
55 12 46
56 12 223
57 12 190
58 12 57
59 12 182
60 12 230
61 12 12
62 12 103
63 12 28
64 12 27
65 12 116
66 12 92
67 12 254
68 12 119
69 12 157
70 12 107
71 12 110
72 12 147
73 12 72
74 12 167
75 12 68
76 12 179
77 12 62
78 12 2
79 12 184
80 12 4
81 12 135
82 12 182
83 12 48
84 12 34
85 12 221
86 12 228
87 12 86
88 12 221
89 12 97
90 12 123
91 12 110
92 12 61
93 12 140
94 12 92
95 12 231
96 12 196
97 12 103
98 12 188
99 12 47

0 13 242
1 13 255
2 13 201
3 13 204
4 13 15
5 13 19
6 13 144
7 13 169
8 13 36
9 13 17
10 13 30
11 13 173
12 13 75
13 13 65
14 13 229
15 13 146
16 13 40
17 13 63
18 13 98
19 13 245
20 13 184
21 13 174
22 13 253
23 13 169
24 13 73
25 13 43
26 13 49
27 13 81
28 13 202
29 13 128
30 13 236
31 13 46
32 13 69
33 13 26
34 13 57
35 13 53
36 13 170
37 13 190
38 13 28
39 13 101
40 13 206
41 13 119
42 13 189
43 13 87
44 13 179
45 13 211
46 13 201
47 13 23
48 13 10
49 13 78
50 13 22
51 13 50
52 13 246
53 13 15
54 13 134
55 13 16
56 13 19
57 13 210
58 13 45
59 13 132
60 13 183
61 13 38
62 13 182
63 13 162
64 13 120
65 13 216
66 13 2
67 13 209
68 13 238
69 13 175
70 13 19
71 13 33
72 13 186
73 13 89
74 13 41
75 13 222
76 13 198
77 13 166
78 13 42
79 13 101
80 13 207
81 13 244
82 13 71
83 13 54
84 13 33
85 13 235
86 13 221
87 13 75
88 13 162
89 13 106
90 13 153
91 13 168
92 13 18
93 13 192
94 13 224
95 13 52
96 13 145
97 13 32
98 13 110
99 13 199

0 14 98
1 14 79
2 14 61
3 14 132
4 14 238
5 14 160
6 14 168
7 14 105
8 14 12
9 14 34
10 14 208
11 14 36
12 14 127
13 14 24
14 14 63
15 14 40
16 14 192
17 14 169
18 14 203
19 14 1
20 14 255
21 14 217
22 14 189
23 14 228
24 14 100
25 14 184
26 14 51
27 14 139
28 14 154
29 14 217
30 14 195
31 14 64
32 14 142
33 14 6
34 14 97
35 14 55
36 14 116
37 14 50
38 14 131
39 14 32
40 14 12
41 14 175
42 14 131
43 14 253
44 14 35
45 14 162
46 14 68
47 14 49
48 14 92
49 14 179
50 14 24
51 14 218
52 14 48
53 14 9
54 14 225
55 14 97
56 14 52
57 14 117
58 14 119
59 14 80
60 14 154
61 14 237
62 14 74
63 14 99
64 14 251
65 14 61
66 14 73
67 14 225
68 14 84
69 14 249
70 14 2
71 14 44
72 14 78
73 14 182
74 14 10
75 14 151
76 14 194
77 14 121
78 14 159
79 14 121
80 14 124
81 14 112
82 14 140
83 14 128
84 14 63
85 14 224
86 14 77
87 14 71
88 14 10
89 14 95
90 14 116
91 14 42
92 14 154
93 14 67
94 14 75
95 14 89
96 14 48
97 14 90
98 14 187
99 14 43

0 15 148
1 15 220
2 15 108
3 15 181
4 15 90
5 15 157
6 15 46
7 15 156
8 15 100
9 15 135
10 15 152
11 15 39
12 15 168
13 15 72
14 15 238
15 15 152
16 15 51
17 15 72
18 15 72
19 15 189
20 15 110
21 15 222
22 15 241
23 15 194
24 15 161
25 15 195
26 15 14
27 15 73
28 15 181
29 15 199
30 15 128
31 15 188
32 15 62
33 15 194
34 15 11
35 15 226
36 15 185
37 15 206
38 15 183
39 15 177
40 15 17
41 15 179
42 15 118
43 15 100
44 15 105
45 15 163
46 15 8
47 15 205
48 15 21
49 15 40
50 15 28
51 15 235
52 15 233
53 15 90
54 15 184
55 15 191
56 15 183
57 15 85
58 15 218
59 15 92
60 15 19
61 15 234
62 15 96
63 15 62
64 15 89
65 15 149
66 15 37
67 15 220
68 15 242
69 15 175
70 15 109
71 15 128
72 15 210
73 15 229
74 15 131
75 15 87
76 15 69
77 15 233
78 15 160
79 15 196
80 15 236
81 15 103
82 15 15
83 15 250
84 15 2
85 15 59
86 15 143
87 15 202
88 15 228
89 15 225
90 15 249
91 15 185
92 15 209
93 15 45
94 15 34
95 15 86
96 15 238
97 15 60
98 15 3
99 15 203

0 16 141
1 16 170
2 16 23
3 16 177
4 16 174
5 16 5
6 16 5
7 16 41
8 16 198
9 16 130
10 16 127
11 16 40
12 16 192
13 16 239
14 16 106
15 16 18
16 16 66
17 16 233
18 16 63
19 16 139
20 16 49
21 16 79
22 16 177
23 16 138
24 16 119
25 16 247
26 16 144
27 16 174
28 16 4
29 16 159
30 16 237
31 16 214
32 16 18
33 16 38
34 16 127
35 16 236
36 16 174
37 16 252
38 16 69
39 16 1
40 16 116
41 16 215
42 16 109
43 16 159
44 16 154
45 16 167
46 16 117
47 16 90
48 16 48
49 16 205
50 16 144
51 16 169
52 16 165
53 16 135
54 16 75
55 16 244
56 16 142
57 16 175
58 16 112
59 16 238
60 16 163
61 16 166
62 16 42
63 16 37
64 16 10
65 16 139
66 16 107
67 16 216
68 16 217
69 16 176
70 16 139
71 16 8
72 16 214
73 16 78
74 16 50
75 16 209
76 16 129
77 16 119
78 16 119
79 16 251
80 16 84
81 16 77
82 16 73
83 16 205
84 16 73
85 16 114
86 16 14
87 16 33
88 16 157
89 16 191
90 16 139
91 16 190
92 16 211
93 16 57
94 16 4
95 16 225
96 16 253
97 16 64
98 16 164
99 16 29

0 17 55
1 17 10
2 17 31
3 17 101
4 17 116
5 17 80
6 17 149
7 17 104
8 17 125
9 17 71
10 17 186
11 17 29
12 17 54
13 17 210
14 17 52
15 17 158
16 17 35
17 17 246
18 17 68
19 17 57
20 17 44
21 17 142
22 17 169
23 17 196
24 17 157
25 17 64
26 17 193
27 17 50
28 17 113
29 17 175
30 17 242
31 17 100
32 17 208
33 17 242
34 17 72
35 17 65
36 17 214
37 17 70
38 17 95
39 17 9
40 17 150
41 17 255
42 17 132
43 17 230
44 17 95
45 17 197
46 17 23
47 17 197
48 17 62
49 17 252
50 17 51
51 17 99
52 17 195
53 17 132
54 17 146
55 17 171
56 17 8
57 17 163
58 17 170
59 17 63
60 17 240
61 17 63
62 17 28
63 17 85
64 17 173
65 17 81
66 17 79
67 17 196
68 17 133
69 17 150
70 17 88
71 17 94
72 17 213
73 17 136
74 17 30
75 17 129
76 17 86
77 17 140
78 17 187
79 17 233
80 17 159
81 17 109
82 17 37
83 17 200
84 17 235
85 17 9
86 17 13
87 17 25
88 17 29
89 17 74
90 17 7
91 17 49
92 17 1
93 17 88
94 17 236
95 17 151
96 17 213
97 17 13
98 17 124
99 17 21

0 18 8
1 18 170
2 18 72
3 18 15
4 18 65
5 18 200
6 18 208
7 18 20
8 18 163
9 18 145
10 18 232
11 18 179
12 18 80
13 18 47
14 18 96
15 18 144
16 18 43
17 18 133
18 18 227
19 18 183
20 18 227
21 18 29
22 18 32
23 18 47
24 18 45
25 18 98
26 18 40
27 18 211
28 18 80
29 18 16
30 18 23
31 18 93
32 18 231
33 18 232
34 18 247
35 18 196
36 18 226
37 18 168
38 18 225
39 18 200
40 18 207
41 18 58
42 18 101
43 18 202
44 18 88
45 18 44
46 18 45
47 18 226
48 18 12
49 18 96
50 18 220
51 18 44
52 18 98
53 18 5
54 18 60
55 18 98
56 18 250
57 18 197
58 18 153
59 18 176
60 18 39
61 18 64
62 18 104
63 18 195
64 18 171
65 18 186
66 18 45
67 18 36
68 18 193
69 18 16
70 18 155
71 18 196
72 18 97
73 18 241
74 18 252
75 18 216
76 18 191
77 18 74
78 18 211
79 18 230
80 18 21
81 18 2
82 18 192
83 18 32
84 18 162
85 18 232
86 18 165
87 18 242
88 18 242
89 18 234
90 18 7
91 18 215
92 18 97
93 18 135
94 18 183
95 18 112
96 18 219
97 18 135
98 18 177
99 18 215

0 19 229
1 19 233
2 19 68
3 19 49
4 19 225
5 19 29
6 19 115
7 19 130
8 19 141
9 19 115
10 19 156
11 19 198
12 19 206
13 19 212
14 19 87
15 19 61
16 19 172
17 19 176
18 19 161
19 19 6
20 19 157
21 19 55
22 19 58
23 19 239
24 19 6
25 19 204
26 19 75
27 19 140
28 19 255
29 19 182
30 19 76
31 19 134
32 19 87
33 19 25
34 19 37
35 19 54
36 19 215
37 19 37
38 19 147
39 19 114
40 19 203
41 19 142
42 19 206
43 19 167
44 19 191
45 19 60
46 19 105
47 19 40
48 19 135
49 19 67
50 19 121
51 19 198
52 19 130
53 19 21
54 19 249
55 19 161
56 19 31
57 19 247
58 19 109
59 19 62
60 19 159
61 19 177
62 19 198
63 19 217
64 19 29
65 19 138
66 19 134
67 19 252
68 19 204
69 19 115
70 19 36
71 19 80
72 19 129
73 19 131
74 19 178
75 19 180
76 19 113
77 19 163
78 19 189
79 19 140
80 19 59
81 19 139
82 19 117
83 19 91
84 19 41
85 19 237
86 19 13
87 19 149
88 19 178
89 19 239
90 19 101
91 19 174
92 19 68
93 19 223
94 19 231
95 19 119
96 19 65
97 19 34
98 19 175
99 19 170

0 20 72
1 20 110
2 20 238
3 20 195
4 20 181
5 20 58
6 20 144
7 20 18
8 20 107
9 20 114
10 20 28
11 20 15
12 20 209
13 20 110
14 20 220
15 20 237
16 20 26
17 20 37
18 20 63
19 20 114
20 20 202
21 20 158
22 20 123
23 20 5
24 20 117
25 20 168
26 20 118
27 20 9
28 20 202
29 20 203
30 20 231
31 20 105
32 20 209
33 20 126
34 20 184
35 20 116
36 20 113
37 20 154
38 20 176
39 20 236
40 20 53
41 20 15
42 20 78
43 20 89
44 20 80
45 20 214
46 20 248
47 20 163
48 20 222
49 20 39
50 20 85
51 20 224
52 20 108
53 20 235
54 20 247
55 20 107
56 20 187
57 20 116
58 20 61
59 20 54
60 20 193
61 20 108
62 20 119
63 20 97
64 20 241
65 20 11
66 20 76
67 20 11
68 20 188
69 20 141
70 20 89
71 20 104
72 20 88
73 20 228
74 20 27
75 20 19
76 20 192
77 20 170
78 20 15
79 20 166
80 20 252
81 20 89
82 20 23
83 20 137
84 20 162
85 20 190
86 20 32
87 20 7
88 20 157
89 20 171
90 20 2
91 20 167
92 20 45
93 20 237
94 20 167
95 20 185
96 20 47
97 20 125
98 20 112
99 20 47

0 21 159
1 21 251
2 21 212
3 21 174
4 21 91
5 21 87
6 21 75
7 21 229
8 21 41
9 21 210
10 21 106
11 21 30
12 21 252
13 21 37
14 21 79
15 21 18
16 21 115
17 21 255
18 21 63
19 21 2
20 21 163
21 21 181
22 21 142
23 21 3
24 21 22
25 21 53
26 21 191
27 21 154
28 21 19
29 21 61
30 21 237
31 21 136
32 21 32
33 21 202
34 21 106
35 21 231
36 21 198
37 21 210
38 21 165
39 21 118
40 21 148
41 21 53
42 21 81
43 21 50
44 21 103
45 21 242
46 21 195
47 21 38
48 21 232
49 21 150
50 21 156
51 21 131
52 21 85
53 21 251
54 21 169
55 21 243
56 21 133
57 21 46
58 21 7
59 21 43
60 21 38
61 21 177
62 21 139
63 21 191
64 21 74
65 21 227
66 21 96
67 21 59
68 21 34
69 21 188
70 21 242
71 21 111
72 21 8
73 21 189
74 21 11
75 21 10
76 21 195
77 21 39
78 21 60
79 21 107
80 21 7
81 21 108
82 21 127
83 21 179
84 21 60
85 21 227
86 21 26
87 21 31
88 21 128
89 21 191
90 21 199
91 21 149
92 21 239
93 21 66
94 21 17
95 21 124
96 21 34
97 21 46
98 21 1
99 21 209

0 22 245
1 22 125
2 22 250
3 22 119
4 22 142
5 22 81
6 22 226
7 22 207
8 22 155
9 22 46
10 22 130
11 22 137
12 22 218
13 22 103
14 22 48
15 22 186
16 22 223
17 22 214
18 22 171
19 22 46
20 22 18
21 22 208
22 22 70
23 22 255
24 22 247
25 22 88
26 22 73
27 22 102
28 22 178
29 22 147
30 22 148
31 22 210
32 22 202
33 22 125
34 22 133
35 22 55
36 22 45
37 22 217
38 22 28
39 22 169
40 22 116
41 22 110
42 22 93
43 22 41
44 22 105
45 22 112
46 22 246
47 22 191
48 22 198
49 22 61
50 22 34
51 22 201
52 22 64
53 22 74
54 22 205
55 22 146
56 22 196
57 22 92
58 22 249
59 22 38
60 22 1
61 22 251
62 22 96
63 22 101
64 22 38
65 22 35
66 22 91
67 22 87
68 22 237
69 22 62
70 22 2
71 22 191
72 22 216
73 22 79
74 22 149
75 22 243
76 22 186
77 22 112
78 22 27
79 22 234
80 22 122
81 22 126
82 22 72
83 22 151
84 22 20
85 22 19
86 22 164
87 22 117
88 22 224
89 22 180
90 22 234
91 22 100
92 22 23
93 22 76
94 22 174
95 22 179
96 22 147
97 22 217
98 22 67
99 22 126

0 23 214
1 23 102
2 23 220
3 23 58
4 23 78
5 23 57
6 23 241
7 23 142
8 23 216
9 23 77
10 23 229
11 23 100
12 23 130
13 23 3
14 23 229
15 23 65
16 23 149
17 23 20
18 23 19
19 23 209
20 23 211
21 23 202
22 23 228
23 23 199
24 23 253
25 23 112
26 23 198
27 23 228
28 23 152
29 23 7
30 23 7
31 23 84
32 23 241
33 23 58
34 23 242
35 23 65
36 23 95
37 23 148
38 23 59
39 23 163
40 23 200
41 23 241
42 23 157
43 23 85
44 23 102
45 23 50
46 23 193
47 23 110
48 23 203
49 23 53
50 23 98
51 23 206
52 23 35
53 23 5
54 23 175
55 23 247
56 23 186
57 23 77
58 23 240
59 23 31
60 23 190
61 23 19
62 23 109
63 23 131
64 23 69
65 23 162
66 23 139
67 23 253
68 23 145
69 23 200
70 23 57
71 23 217
72 23 147
73 23 66
74 23 138
75 23 229
76 23 175
77 23 117
78 23 163
79 23 199
80 23 191
81 23 95
82 23 216
83 23 147
84 23 90
85 23 204
86 23 18
87 23 157
88 23 86
89 23 205
90 23 116
91 23 140
92 23 139
93 23 102
94 23 62
95 23 176
96 23 218
97 23 135
98 23 241
99 23 150

0 24 111
1 24 61
2 24 180
3 24 217
4 24 66
5 24 42
6 24 246
7 24 58
8 24 228
9 24 51
10 24 85
11 24 243
12 24 120
13 24 120
14 24 190
15 24 73
16 24 255
17 24 137
18 24 214
19 24 97
20 24 218
21 24 215
22 24 153
23 24 84
24 24 137
25 24 104
26 24 65
27 24 133
28 24 185
29 24 207
30 24 106
31 24 51
32 24 126
33 24 92
34 24 115
35 24 74
36 24 221
37 24 144
38 24 39
39 24 127
40 24 141
41 24 211
42 24 157
43 24 155
44 24 254
45 24 105
46 24 92
47 24 23
48 24 155
49 24 163
50 24 195
51 24 234
52 24 77
53 24 82
54 24 169
55 24 159
56 24 64
57 24 129
58 24 64
59 24 170
60 24 233
61 24 100
62 24 63
63 24 252
64 24 72
65 24 139
66 24 64
67 24 213
68 24 106
69 24 91
70 24 102
71 24 218
72 24 51
73 24 191
74 24 68
75 24 103
76 24 90
77 24 27
78 24 250
79 24 38
80 24 181
81 24 130
82 24 161
83 24 225
84 24 183
85 24 40
86 24 234
87 24 148
88 24 55
89 24 26
90 24 1
91 24 199
92 24 114
93 24 44
94 24 184
95 24 26
96 24 84
97 24 51
98 24 225
99 24 34

0 25 243
1 25 117
2 25 251
3 25 115
4 25 93
5 25 94
6 25 18
7 25 254
8 25 147
9 25 117
10 25 224
11 25 158
12 25 213
13 25 142
14 25 56
15 25 237
16 25 32
17 25 64
18 25 165
19 25 92
20 25 246
21 25 153
22 25 78
23 25 131
24 25 93
25 25 17
26 25 28
27 25 181
28 25 42
29 25 189
30 25 31
31 25 216
32 25 127
33 25 197
34 25 46
35 25 115
36 25 147
37 25 24
38 25 206
39 25 9
40 25 177
41 25 94
42 25 86
43 25 166
44 25 132
45 25 47
46 25 80
47 25 183
48 25 145
49 25 130
50 25 33
51 25 30
52 25 5
53 25 104
54 25 237
55 25 134
56 25 177
57 25 250
58 25 181
59 25 244
60 25 83
61 25 143
62 25 194
63 25 159
64 25 23
65 25 51
66 25 71
67 25 2
68 25 93
69 25 85
70 25 66
71 25 47
72 25 189
73 25 192
74 25 163
75 25 102
76 25 72
77 25 205
78 25 176
79 25 230
80 25 17
81 25 214
82 25 168
83 25 3
84 25 237
85 25 237
86 25 166
87 25 121
88 25 118
89 25 206
90 25 201
91 25 0
92 25 86
93 25 19
94 25 146
95 25 33
96 25 194
97 25 167
98 25 141
99 25 71

0 26 68
1 26 125
2 26 52
3 26 25
4 26 190
5 26 130
6 26 16
7 26 7
8 26 172
9 26 208
10 26 33
11 26 35
12 26 169
13 26 36
14 26 128
15 26 51
16 26 53
17 26 146
18 26 67
19 26 4
20 26 181
21 26 119
22 26 161
23 26 1
24 26 187
25 26 176
26 26 87
27 26 3
28 26 136
29 26 9
30 26 73
31 26 107
32 26 207
33 26 248
34 26 109
35 26 111
36 26 188
37 26 140
38 26 229
39 26 177
40 26 53
41 26 160
42 26 107
43 26 22
44 26 96
45 26 84
46 26 242
47 26 213
48 26 101
49 26 190
50 26 138
51 26 206
52 26 117
53 26 220
54 26 133
55 26 30
56 26 11
57 26 205
58 26 216
59 26 240
60 26 113
61 26 65
62 26 196
63 26 149
64 26 135
65 26 47
66 26 181
67 26 216
68 26 192
69 26 198
70 26 106
71 26 139
72 26 109
73 26 165
74 26 86
75 26 102
76 26 62
77 26 78
78 26 70
79 26 18
80 26 5
81 26 216
82 26 69
83 26 128
84 26 190
85 26 229
86 26 188
87 26 127
88 26 205
89 26 212
90 26 222
91 26 142
92 26 134
93 26 56
94 26 67
95 26 238
96 26 242
97 26 136
98 26 211
99 26 252

0 27 208
1 27 24
2 27 230
3 27 190
4 27 219
5 27 71
6 27 170
7 27 188
8 27 75
9 27 250
10 27 196
11 27 17
12 27 158
13 27 74
14 27 58
15 27 193
16 27 152
17 27 122
18 27 144
19 27 77
20 27 137
21 27 44
22 27 49
23 27 133
24 27 206
25 27 212
26 27 17
27 27 158
28 27 154
29 27 108
30 27 145
31 27 132
32 27 247
33 27 106
34 27 163
35 27 113
36 27 7
37 27 239
38 27 46
39 27 191
40 27 144
41 27 65
42 27 180
43 27 251
44 27 183
45 27 123
46 27 50
47 27 58
48 27 12
49 27 131
50 27 71
51 27 176
52 27 199
53 27 61
54 27 153
55 27 126
56 27 81
57 27 254
58 27 117
59 27 204
60 27 7
61 27 68
62 27 181
63 27 24
64 27 58
65 27 164
66 27 231
67 27 205
68 27 122
69 27 3
70 27 171
71 27 24
72 27 20
73 27 9
74 27 93
75 27 247
76 27 217
77 27 211
78 27 244
79 27 147
80 27 33
81 27 232
82 27 42
83 27 207
84 27 16
85 27 111
86 27 222
87 27 33
88 27 24
89 27 159
90 27 182
91 27 161
92 27 191
93 27 118
94 27 8
95 27 95
96 27 163
97 27 174
98 27 251
99 27 250

0 28 187
1 28 237
2 28 233
3 28 110
4 28 223
5 28 60
6 28 8
7 28 46
8 28 139
9 28 186
10 28 74
11 28 115
12 28 224
13 28 145
14 28 129
15 28 211
16 28 235
17 28 42
18 28 199
19 28 21
20 28 42
21 28 157
22 28 29
23 28 68
24 28 76
25 28 108
26 28 82
27 28 2
28 28 57
29 28 112
30 28 39
31 28 31
32 28 82
33 28 19
34 28 176
35 28 106
36 28 250
37 28 192
38 28 253
39 28 199
40 28 85
41 28 152
42 28 250
43 28 130
44 28 79
45 28 103
46 28 148
47 28 227
48 28 225
49 28 214
50 28 29
51 28 3
52 28 144
53 28 226
54 28 242
55 28 221
56 28 54
57 28 140
58 28 91
59 28 168
60 28 4
61 28 210
62 28 178
63 28 101
64 28 200
65 28 223
66 28 200
67 28 180
68 28 108
69 28 127
70 28 132
71 28 235
72 28 191
73 28 213
74 28 205
75 28 105
76 28 121
77 28 80
78 28 170
79 28 40
80 28 121
81 28 219
82 28 168
83 28 146
84 28 80
85 28 84
86 28 125
87 28 150
88 28 3
89 28 64
90 28 234
91 28 250
92 28 13
93 28 189
94 28 230
95 28 243
96 28 164
97 28 183
98 28 248
99 28 243

0 29 61
1 29 95
2 29 229
3 29 194
4 29 82
5 29 217
6 29 139
7 29 208
8 29 99
9 29 53
10 29 13
11 29 202
12 29 59
13 29 161
14 29 48
15 29 107
16 29 116
17 29 221
18 29 5
19 29 149
20 29 61
21 29 239
22 29 201
23 29 160
24 29 91
25 29 23
26 29 9
27 29 242
28 29 110
29 29 5
30 29 9
31 29 207
32 29 118
33 29 74
34 29 103
35 29 115
36 29 149
37 29 13
38 29 252
39 29 94
40 29 23
41 29 255
42 29 3
43 29 240
44 29 175
45 29 145
46 29 125
47 29 53
48 29 3
49 29 100
50 29 212
51 29 2
52 29 107
53 29 0
54 29 190
55 29 65
56 29 246
57 29 202
58 29 100
59 29 137
60 29 175
61 29 48
62 29 196
63 29 242
64 29 30
65 29 39
66 29 83
67 29 39
68 29 17
69 29 215
70 29 231
71 29 188
72 29 156
73 29 148
74 29 213
75 29 194
76 29 94
77 29 17
78 29 86
79 29 153
80 29 6
81 29 208
82 29 48
83 29 6
84 29 22
85 29 221
86 29 146
87 29 133
88 29 231
89 29 188
90 29 63
91 29 225
92 29 237
93 29 160
94 29 238
95 29 1
96 29 61
97 29 222
98 29 241
99 29 5

0 30 76
1 30 160
2 30 22
3 30 146
4 30 250
5 30 222
6 30 203
7 30 105
8 30 207
9 30 138
10 30 133
11 30 63
12 30 132
13 30 11
14 30 98
15 30 201
16 30 197
17 30 237
18 30 13
19 30 22
20 30 53
21 30 215
22 30 226
23 30 33
24 30 179
25 30 189
26 30 82
27 30 167
28 30 220
29 30 86
30 30 137
31 30 54
32 30 208
33 30 209
34 30 79
35 30 135
36 30 57
37 30 196
38 30 44
39 30 13
40 30 138
41 30 101
42 30 208
43 30 206
44 30 133
45 30 252
46 30 177
47 30 114
48 30 0
49 30 152
50 30 246
51 30 153
52 30 232
53 30 1
54 30 148
55 30 114
56 30 134
57 30 239
58 30 183
59 30 138
60 30 1
61 30 121
62 30 99
63 30 225
64 30 37
65 30 208
66 30 91
67 30 67
68 30 98
69 30 45
70 30 66
71 30 213
72 30 24
73 30 8
74 30 0
75 30 239
76 30 18
77 30 139
78 30 103
79 30 41
80 30 80
81 30 70
82 30 23
83 30 185
84 30 9
85 30 36
86 30 158
87 30 252
88 30 240
89 30 158
90 30 228
91 30 82
92 30 183
93 30 46
94 30 199
95 30 47
96 30 209
97 30 7
98 30 2
99 30 111

0 31 125
1 31 3
2 31 83
3 31 234
4 31 0
5 31 221
6 31 221
7 31 73
8 31 49
9 31 160
10 31 203
11 31 24
12 31 59
13 31 95
14 31 54
15 31 28
16 31 159
17 31 39
18 31 72
19 31 230
20 31 120
21 31 50
22 31 162
23 31 168
24 31 3
25 31 93
26 31 252
27 31 72
28 31 94
29 31 220
30 31 11
31 31 179
32 31 144
33 31 45
34 31 168
35 31 116
36 31 202
37 31 74
38 31 46
39 31 133
40 31 237
41 31 35
42 31 36
43 31 100
44 31 75
45 31 75
46 31 28
47 31 106
48 31 178
49 31 242
50 31 218
51 31 89
52 31 167
53 31 19
54 31 185
55 31 52
56 31 239
57 31 238
58 31 75
59 31 83
60 31 84
61 31 185
62 31 64
63 31 182
64 31 165
65 31 147
66 31 137
67 31 154
68 31 255
69 31 185
70 31 189
71 31 74
72 31 75
73 31 252
74 31 187
75 31 56
76 31 8
77 31 115
78 31 145
79 31 76
80 31 75
81 31 109
82 31 156
83 31 124
84 31 3
85 31 169
86 31 241
87 31 157
88 31 130
89 31 202
90 31 252
91 31 120
92 31 57
93 31 5
94 31 103
95 31 33
96 31 195
97 31 29
98 31 61
99 31 132

0 32 38
1 32 145
2 32 80
3 32 65
4 32 85
5 32 20
6 32 216
7 32 186
8 32 249
9 32 61
10 32 92
11 32 105
12 32 112
13 32 128
14 32 214
15 32 120
16 32 22
17 32 93
18 32 18
19 32 139
20 32 196
21 32 215
22 32 87
23 32 225
24 32 151
25 32 40
26 32 73
27 32 155
28 32 243
29 32 179
30 32 14
31 32 91
32 32 199
33 32 58
34 32 176
35 32 17
36 32 18
37 32 81
38 32 194
39 32 18
40 32 166
41 32 18
42 32 71
43 32 107
44 32 44
45 32 19
46 32 207
47 32 116
48 32 104
49 32 149
50 32 227
51 32 168
52 32 190
53 32 254
54 32 163
55 32 179
56 32 245
57 32 138
58 32 174
59 32 205
60 32 60
61 32 61
62 32 66
63 32 71
64 32 106
65 32 28
66 32 165
67 32 99
68 32 138
69 32 156
70 32 195
71 32 105
72 32 151
73 32 91
74 32 24
75 32 247
76 32 132
77 32 14
78 32 208
79 32 153
80 32 127
81 32 186
82 32 45
83 32 153
84 32 119
85 32 40
86 32 42
87 32 25
88 32 220
89 32 147
90 32 94
91 32 94
92 32 166
93 32 163
94 32 34
95 32 111
96 32 152
97 32 159
98 32 246
99 32 223

0 33 198
1 33 222
2 33 33
3 33 231
4 33 85
5 33 126
6 33 152
7 33 184
8 33 130
9 33 89
10 33 33
11 33 14
12 33 229
13 33 53
14 33 184
15 33 9
16 33 247
17 33 59
18 33 50
19 33 57
20 33 211
21 33 171
22 33 32
23 33 247
24 33 57
25 33 205
26 33 246
27 33 252
28 33 216
29 33 43
30 33 109
31 33 44
32 33 205
33 33 253
34 33 37
35 33 179
36 33 103
37 33 229
38 33 143
39 33 83
40 33 45
41 33 220
42 33 10
43 33 252
44 33 34
45 33 108
46 33 76
47 33 158
48 33 71
49 33 33
50 33 4
51 33 59
52 33 98
53 33 58
54 33 189
55 33 64
56 33 254
57 33 163
58 33 6
59 33 21
60 33 179
61 33 40
62 33 208
63 33 243
64 33 167
65 33 227
66 33 23
67 33 246
68 33 85
69 33 246
70 33 197
71 33 115
72 33 141
73 33 128
74 33 211
75 33 139
76 33 188
77 33 201
78 33 177
79 33 0
80 33 110
81 33 192
82 33 232
83 33 72
84 33 17
85 33 168
86 33 254
87 33 224
88 33 252
89 33 14
90 33 153
91 33 227
92 33 176
93 33 254
94 33 232
95 33 219
96 33 93
97 33 118
98 33 63
99 33 215

0 34 168
1 34 27
2 34 1
3 34 190
4 34 171
5 34 43
6 34 195
7 34 226
8 34 61
9 34 179
10 34 174
11 34 216
12 34 116
13 34 2
14 34 37
15 34 136
16 34 105
17 34 93
18 34 168
19 34 128
20 34 59
21 34 244
22 34 249
23 34 142
24 34 87
25 34 21
26 34 125
27 34 141
28 34 246
29 34 160
30 34 228
31 34 127
32 34 231
33 34 187
34 34 13
35 34 220
36 34 142
37 34 198
38 34 35
39 34 42
40 34 45
41 34 146
42 34 13
43 34 206
44 34 98
45 34 205
46 34 5
47 34 34
48 34 241
49 34 193
50 34 134
51 34 199
52 34 196
53 34 63
54 34 108
55 34 61
56 34 48
57 34 213
58 34 87
59 34 176
60 34 122
61 34 71
62 34 80
63 34 21
64 34 154
65 34 61
66 34 175
67 34 118
68 34 62
69 34 58
70 34 59
71 34 138
72 34 18
73 34 205
74 34 148
75 34 137
76 34 63
77 34 11
78 34 206
79 34 62
80 34 49
81 34 60
82 34 95
83 34 94
84 34 158
85 34 213
86 34 59
87 34 24
88 34 196
89 34 167
90 34 61
91 34 237
92 34 242
93 34 85
94 34 201
95 34 194
96 34 73
97 34 11
98 34 176
99 34 52

0 35 196
1 35 109
2 35 83
3 35 43
4 35 118
5 35 206
6 35 12
7 35 178
8 35 19
9 35 163
10 35 201
11 35 6
12 35 178
13 35 55
14 35 250
15 35 236
16 35 209
17 35 160
18 35 174
19 35 72
20 35 154
21 35 241
22 35 248
23 35 236
24 35 101
25 35 177
26 35 152
27 35 174
28 35 125
29 35 140
30 35 215
31 35 189
32 35 39
33 35 73
34 35 179
35 35 53
36 35 224
37 35 252
38 35 60
39 35 240
40 35 231
41 35 125
42 35 62
43 35 160
44 35 251
45 35 24
46 35 32
47 35 26
48 35 102
49 35 134
50 35 12
51 35 245
52 35 58
53 35 28
54 35 81
55 35 84
56 35 219
57 35 67
58 35 5
59 35 0
60 35 189
61 35 40
62 35 238
63 35 186
64 35 111
65 35 181
66 35 163
67 35 207
68 35 217
69 35 191
70 35 238
71 35 236
72 35 194
73 35 129
74 35 117
75 35 52
76 35 149
77 35 73
78 35 153
79 35 144
80 35 100
81 35 113
82 35 159
83 35 70
84 35 45
85 35 145
86 35 13
87 35 206
88 35 92
89 35 243
90 35 87
91 35 225
92 35 146
93 35 71
94 35 187
95 35 210
96 35 165
97 35 152
98 35 106
99 35 33

0 36 232
1 36 127
2 36 232
3 36 78
4 36 172
5 36 151
6 36 181
7 36 235
8 36 6
9 36 48
10 36 45
11 36 245
12 36 211
13 36 72
14 36 173
15 36 100
16 36 250
17 36 183
18 36 247
19 36 1
20 36 241
21 36 169
22 36 216
23 36 120
24 36 131
25 36 81
26 36 8
27 36 174
28 36 208
29 36 220
30 36 81
31 36 84
32 36 149
33 36 164
34 36 243
35 36 189
36 36 173
37 36 167
38 36 72
39 36 236
40 36 216
41 36 55
42 36 164
43 36 242
44 36 188
45 36 243
46 36 127
47 36 119
48 36 41
49 36 245
50 36 214
51 36 150
52 36 161
53 36 77
54 36 206
55 36 238
56 36 24
57 36 174
58 36 155
59 36 245
60 36 248
61 36 104
62 36 160
63 36 144
64 36 104
65 36 150
66 36 215
67 36 225
68 36 206
69 36 153
70 36 116
71 36 96
72 36 146
73 36 197
74 36 197
75 36 46
76 36 38
77 36 89
78 36 93
79 36 166
80 36 67
81 36 181
82 36 113
83 36 52
84 36 117
85 36 199
86 36 130
87 36 106
88 36 217
89 36 199
90 36 60
91 36 80
92 36 37
93 36 36
94 36 159
95 36 252
96 36 234
97 36 190
98 36 92
99 36 99

0 37 22
1 37 85
2 37 130
3 37 111
4 37 189
5 37 65
6 37 89
7 37 82
8 37 25
9 37 100
10 37 142
11 37 25
12 37 207
13 37 94
14 37 145
15 37 132
16 37 115
17 37 255
18 37 60
19 37 21
20 37 79
21 37 2
22 37 181
23 37 103
24 37 96
25 37 248
26 37 149
27 37 193
28 37 162
29 37 130
30 37 74
31 37 235
32 37 142
33 37 195
34 37 186
35 37 64
36 37 224
37 37 21
38 37 40
39 37 5
40 37 157
41 37 251
42 37 92
43 37 249
44 37 85
45 37 88
46 37 254
47 37 45
48 37 165
49 37 222
50 37 68
51 37 22
52 37 1
53 37 200
54 37 205
55 37 225
56 37 176
57 37 204
58 37 204
59 37 6
60 37 24
61 37 75
62 37 104
63 37 32
64 37 60
65 37 204
66 37 99
67 37 252
68 37 131
69 37 168
70 37 250
71 37 240
72 37 187
73 37 6
74 37 13
75 37 110
76 37 93
77 37 10
78 37 128
79 37 216
80 37 19
81 37 74
82 37 225
83 37 150
84 37 119
85 37 130
86 37 75
87 37 103
88 37 30
89 37 136
90 37 138
91 37 244
92 37 213
93 37 130
94 37 127
95 37 171
96 37 42
97 37 86
98 37 198
99 37 202

0 38 47
1 38 98
2 38 151
3 38 186
4 38 122
5 38 110
6 38 234
7 38 159
8 38 112
9 38 222
10 38 223
11 38 45
12 38 196
13 38 44
14 38 92
15 38 189
16 38 58
17 38 150
18 38 248
19 38 160
20 38 177
21 38 20
22 38 24
23 38 179
24 38 96
25 38 141
26 38 87
27 38 51
28 38 96
29 38 74
30 38 44
31 38 211
32 38 106
33 38 171
34 38 199
35 38 12
36 38 227
37 38 25
38 38 59
39 38 181
40 38 21
41 38 59
42 38 226
43 38 211
44 38 192
45 38 109
46 38 253
47 38 178
48 38 209
49 38 110
50 38 156
51 38 53
52 38 113
53 38 88
54 38 190
55 38 106
56 38 65
57 38 214
58 38 184
59 38 97
60 38 228
61 38 145
62 38 219
63 38 63
64 38 191
65 38 235
66 38 81
67 38 142
68 38 252
69 38 240
70 38 72
71 38 215
72 38 213
73 38 137
74 38 83
75 38 115
76 38 15
77 38 243
78 38 12
79 38 158
80 38 196
81 38 112
82 38 255
83 38 205
84 38 102
85 38 61
86 38 195
87 38 66
88 38 1
89 38 195
90 38 106
91 38 221
92 38 192
93 38 17
94 38 28
95 38 53
96 38 179
97 38 138
98 38 254
99 38 231

0 39 207
1 39 219
2 39 88
3 39 46
4 39 55
5 39 49
6 39 248
7 39 180
8 39 186
9 39 168
10 39 209
11 39 168
12 39 156
13 39 6
14 39 232
15 39 17
16 39 153
17 39 169
18 39 113
19 39 98
20 39 39
21 39 190
22 39 52
23 39 78
24 39 252
25 39 180
26 39 54
27 39 221
28 39 208
29 39 240
30 39 150
31 39 192
32 39 100
33 39 195
34 39 181
35 39 226
36 39 195
37 39 153
38 39 153
39 39 63
40 39 199
41 39 115
42 39 148
43 39 249
44 39 224
45 39 151
46 39 32
47 39 168
48 39 17
49 39 133
50 39 14
51 39 242
52 39 59
53 39 46
54 39 224
55 39 93
56 39 158
57 39 97
58 39 115
59 39 96
60 39 157
61 39 134
62 39 225
63 39 192
64 39 193
65 39 142
66 39 165
67 39 26
68 39 1
69 39 42
70 39 0
71 39 187
72 39 65
73 39 59
74 39 156
75 39 184
76 39 24
77 39 138
78 39 112
79 39 60
80 39 214
81 39 186
82 39 227
83 39 28
84 39 198
85 39 123
86 39 52
87 39 177
88 39 176
89 39 0
90 39 25
91 39 230
92 39 162
93 39 178
94 39 166
95 39 144
96 39 240
97 39 38
98 39 113
99 39 254

0 40 122
1 40 76
2 40 244
3 40 209
4 40 45
5 40 234
6 40 50
7 40 14
8 40 205
9 40 73
10 40 158
11 40 114
12 40 241
13 40 47
14 40 56
15 40 6
16 40 79
17 40 12
18 40 249
19 40 243
20 40 57
21 40 120
22 40 113
23 40 150
24 40 104
25 40 221
26 40 175
27 40 215
28 40 249
29 40 113
30 40 97
31 40 183
32 40 181
33 40 104
34 40 60
35 40 41
36 40 149
37 40 103
38 40 158
39 40 35
40 40 133
41 40 59
42 40 114
43 40 244
44 40 105
45 40 203
46 40 85
47 40 216
48 40 94
49 40 75
50 40 246
51 40 202
52 40 66
53 40 179
54 40 195
55 40 153
56 40 118
57 40 112
58 40 194
59 40 62
60 40 226
61 40 89
62 40 188
63 40 109
64 40 58
65 40 228
66 40 161
67 40 106
68 40 128
69 40 154
70 40 40
71 40 30
72 40 203
73 40 200
74 40 182
75 40 106
76 40 70
77 40 120
78 40 129
79 40 187
80 40 123
81 40 159
82 40 245
83 40 223
84 40 210
85 40 152
86 40 87
87 40 23
88 40 84
89 40 209
90 40 168
91 40 109
92 40 181
93 40 197
94 40 204
95 40 71
96 40 146
97 40 42
98 40 235
99 40 61

0 41 247
1 41 107
2 41 24
3 41 40
4 41 36
5 41 88
6 41 48
7 41 123
8 41 145
9 41 29
10 41 5
11 41 215
12 41 47
13 41 112
14 41 188
15 41 217
16 41 241
17 41 15
18 41 116
19 41 55
20 41 139
21 41 106
22 41 41
23 41 11
24 41 122
25 41 156
26 41 215
27 41 110
28 41 68
29 41 160
30 41 226
31 41 73
32 41 1
33 41 194
34 41 181
35 41 104
36 41 26
37 41 83
38 41 169
39 41 208
40 41 81
41 41 161
42 41 41
43 41 83
44 41 1
45 41 39
46 41 21
47 41 97
48 41 167
49 41 0
50 41 99
51 41 33
52 41 162
53 41 162
54 41 12
55 41 192
56 41 55
57 41 200
58 41 38
59 41 10
60 41 216
61 41 176
62 41 77
63 41 55
64 41 166
65 41 135
66 41 72
67 41 7
68 41 52
69 41 34
70 41 234
71 41 17
72 41 142
73 41 238
74 41 53
75 41 87
76 41 122
77 41 42
78 41 198
79 41 31
80 41 253
81 41 83
82 41 109
83 41 254
84 41 33
85 41 224
86 41 27
87 41 54
88 41 246
89 41 48
90 41 1
91 41 66
92 41 215
93 41 193
94 41 246
95 41 174
96 41 238
97 41 162
98 41 25
99 41 44

0 42 251
1 42 43
2 42 184
3 42 229
4 42 80
5 42 235
6 42 113
7 42 13
8 42 32
9 42 226
10 42 151
11 42 186
12 42 250
13 42 240
14 42 216
15 42 246
16 42 145
17 42 142
18 42 28
19 42 18
20 42 190
21 42 188
22 42 175
23 42 62
24 42 200
25 42 58
26 42 163
27 42 87
28 42 226
29 42 251
30 42 112
31 42 0
32 42 245
33 42 215
34 42 222
35 42 244
36 42 160
37 42 128
38 42 37
39 42 155
40 42 126
41 42 183
42 42 82
43 42 219
44 42 167
45 42 192
46 42 236
47 42 48
48 42 121
49 42 19
50 42 216
51 42 255
52 42 152
53 42 84
54 42 122
55 42 39
56 42 51
57 42 133
58 42 29
59 42 218
60 42 137
61 42 123
62 42 149
63 42 171
64 42 172
65 42 142
66 42 34
67 42 231
68 42 133
69 42 149
70 42 152
71 42 41
72 42 25
73 42 18
74 42 189
75 42 41
76 42 10
77 42 169
78 42 243
79 42 213
80 42 97
81 42 215
82 42 23
83 42 163
84 42 138
85 42 224
86 42 168
87 42 37
88 42 160
89 42 9
90 42 44
91 42 222
92 42 236
93 42 8
94 42 207
95 42 84
96 42 168
97 42 185
98 42 78
99 42 102

0 43 8
1 43 18
2 43 19
3 43 224
4 43 123
5 43 89
6 43 162
7 43 77
8 43 46
9 43 148
10 43 51
11 43 12
12 43 209
13 43 66
14 43 160
15 43 166
16 43 159
17 43 72
18 43 130
19 43 95
20 43 152
21 43 46
22 43 151
23 43 11
24 43 17
25 43 139
26 43 104
27 43 35
28 43 111
29 43 190
30 43 40
31 43 24
32 43 48
33 43 223
34 43 222
35 43 231
36 43 43
37 43 246
38 43 199
39 43 238
40 43 24
41 43 106
42 43 245
43 43 254
44 43 82
45 43 188
46 43 61
47 43 177
48 43 220
49 43 116
50 43 80
51 43 254
52 43 162
53 43 92
54 43 40
55 43 10
56 43 2
57 43 237
58 43 166
59 43 65
60 43 139
61 43 7
62 43 121
63 43 166
64 43 5
65 43 229
66 43 65
67 43 103
68 43 177
69 43 79
70 43 244
71 43 181
72 43 210
73 43 17
74 43 129
75 43 210
76 43 107
77 43 173
78 43 180
79 43 108
80 43 75
81 43 77
82 43 90
83 43 41
84 43 71
85 43 251
86 43 165
87 43 131
88 43 199
89 43 20
90 43 210
91 43 214
92 43 132
93 43 250
94 43 8
95 43 183
96 43 143
97 43 10
98 43 132
99 43 136

0 44 150
1 44 206
2 44 243
3 44 73
4 44 99
5 44 115
6 44 31
7 44 177
8 44 165
9 44 125
10 44 206
11 44 126
12 44 243
13 44 185
14 44 231
15 44 9
16 44 14
17 44 115
18 44 215
19 44 29
20 44 102
21 44 234
22 44 51
23 44 9
24 44 224
25 44 1
26 44 159
27 44 244
28 44 215
29 44 55
30 44 238
31 44 113
32 44 97
33 44 217
34 44 139
35 44 84
36 44 211
37 44 119
38 44 23
39 44 195
40 44 135
41 44 148
42 44 83
43 44 144
44 44 220
45 44 161
46 44 65
47 44 198
48 44 127
49 44 45
50 44 134
51 44 129
52 44 233
53 44 86
54 44 19
55 44 3
56 44 41
57 44 131
58 44 4
59 44 5
60 44 228
61 44 85
62 44 200
63 44 75
64 44 154
65 44 218
66 44 131
67 44 123
68 44 42
69 44 4
70 44 176
71 44 47
72 44 153
73 44 90
74 44 11
75 44 73
76 44 15
77 44 238
78 44 174
79 44 135
80 44 34
81 44 143
82 44 122
83 44 87
84 44 87
85 44 63
86 44 184
87 44 236
88 44 230
89 44 232
90 44 0
91 44 145
92 44 190
93 44 74
94 44 90
95 44 61
96 44 201
97 44 56
98 44 164
99 44 104

0 45 113
1 45 4
2 45 52
3 45 30
4 45 99
5 45 56
6 45 190
7 45 82
8 45 147
9 45 134
10 45 119
11 45 116
12 45 128
13 45 2
14 45 122
15 45 70
16 45 185
17 45 143
18 45 107
19 45 235
20 45 160
21 45 151
22 45 91
23 45 64
24 45 110
25 45 0
26 45 236
27 45 112
28 45 119
29 45 91
30 45 182
31 45 195
32 45 176
33 45 94
34 45 233
35 45 183
36 45 110
37 45 148
38 45 51
39 45 82
40 45 112
41 45 83
42 45 228
43 45 182
44 45 32
45 45 239
46 45 80
47 45 246
48 45 22
49 45 45
50 45 116
51 45 40
52 45 222
53 45 250
54 45 221
55 45 188
56 45 251
57 45 93
58 45 198
59 45 12
60 45 43
61 45 171
62 45 129
63 45 51
64 45 237
65 45 250
66 45 24
67 45 35
68 45 65
69 45 215
70 45 51
71 45 242
72 45 175
73 45 60
74 45 60
75 45 117
76 45 138
77 45 188
78 45 194
79 45 16
80 45 118
81 45 1
82 45 27
83 45 204
84 45 40
85 45 120
86 45 78
87 45 170
88 45 109
89 45 75
90 45 48
91 45 56
92 45 110
93 45 144
94 45 204
95 45 97
96 45 50
97 45 192
98 45 8
99 45 137

0 46 100
1 46 106
2 46 134
3 46 218
4 46 87
5 46 40
6 46 201
7 46 216
8 46 71
9 46 211
10 46 153
11 46 60
12 46 226
13 46 243
14 46 168
15 46 255
16 46 6
17 46 121
18 46 117
19 46 181
20 46 205
21 46 177
22 46 113
23 46 28
24 46 199
25 46 114
26 46 97
27 46 245
28 46 134
29 46 152
30 46 3
31 46 18
32 46 96
33 46 179
34 46 244
35 46 177
36 46 112
37 46 1
38 46 209
39 46 8
40 46 222
41 46 154
42 46 156
43 46 33
44 46 96
45 46 235
46 46 98
47 46 232
48 46 1
49 46 101
50 46 27
51 46 131
52 46 34
53 46 118
54 46 210
55 46 225
56 46 190
57 46 185
58 46 6
59 46 150
60 46 242
61 46 106
62 46 79
63 46 230
64 46 188
65 46 28
66 46 69
67 46 31
68 46 3
69 46 174
70 46 157
71 46 45
72 46 215
73 46 123
74 46 149
75 46 104
76 46 251
77 46 209
78 46 147
79 46 176
80 46 160
81 46 165
82 46 8
83 46 188
84 46 116
85 46 132
86 46 155
87 46 175
88 46 219
89 46 205
90 46 132
91 46 236
92 46 124
93 46 30
94 46 53
95 46 44
96 46 0
97 46 12
98 46 64
99 46 206

0 47 22
1 47 23
2 47 117
3 47 110
4 47 187
5 47 220
6 47 74
7 47 184
8 47 184
9 47 141
10 47 129
11 47 126
12 47 108
13 47 159
14 47 4
15 47 9
16 47 203
17 47 194
18 47 20
19 47 173
20 47 167
21 47 22
22 47 162
23 47 160
24 47 47
25 47 156
26 47 253
27 47 13
28 47 181
29 47 235
30 47 174
31 47 99
32 47 180
33 47 36
34 47 160
35 47 243
36 47 17
37 47 39
38 47 133
39 47 186
40 47 161
41 47 7
42 47 116
43 47 123
44 47 236
45 47 188
46 47 215
47 47 18
48 47 48
49 47 24
50 47 132
51 47 4
52 47 169
53 47 253
54 47 42
55 47 90
56 47 16
57 47 204
58 47 239
59 47 176
60 47 98
61 47 32
62 47 87
63 47 137
64 47 226
65 47 189
66 47 104
67 47 229
68 47 97
69 47 195
70 47 12
71 47 22
72 47 189
73 47 40
74 47 182
75 47 207
76 47 168
77 47 100
78 47 72
79 47 126
80 47 170
81 47 110
82 47 53
83 47 219
84 47 105
85 47 232
86 47 226
87 47 193
88 47 41
89 47 150
90 47 83
91 47 62
92 47 143
93 47 21
94 47 3
95 47 230
96 47 170
97 47 202
98 47 19
99 47 108

0 48 52
1 48 24
2 48 167
3 48 115
4 48 20
5 48 214
6 48 142
7 48 161
8 48 40
9 48 0
10 48 33
11 48 245
12 48 66
13 48 172
14 48 109
15 48 91
16 48 112
17 48 64
18 48 148
19 48 126
20 48 129
21 48 227
22 48 112
23 48 222
24 48 196
25 48 49
26 48 122
27 48 34
28 48 19
29 48 51
30 48 234
31 48 175
32 48 16
33 48 142
34 48 32
35 48 121
36 48 175
37 48 250
38 48 67
39 48 25
40 48 245
41 48 246
42 48 40
43 48 33
44 48 255
45 48 187
46 48 117
47 48 172
48 48 69
49 48 110
50 48 6
51 48 57
52 48 32
53 48 153
54 48 143
55 48 185
56 48 138
57 48 220
58 48 131
59 48 230
60 48 37
61 48 224
62 48 53
63 48 215
64 48 128
65 48 141
66 48 62
67 48 209
68 48 149
69 48 125
70 48 30
71 48 97
72 48 150
73 48 176
74 48 38
75 48 167
76 48 233
77 48 129
78 48 149
79 48 245
80 48 113
81 48 216
82 48 1
83 48 153
84 48 15
85 48 162
86 48 248
87 48 246
88 48 104
89 48 126
90 48 232
91 48 218
92 48 233
93 48 185
94 48 60
95 48 11
96 48 9
97 48 125
98 48 200
99 48 35

0 49 206
1 49 69
2 49 103
3 49 158
4 49 147
5 49 148
6 49 226
7 49 50
8 49 8
9 49 231
10 49 20
11 49 95
12 49 122
13 49 232
14 49 76
15 49 70
16 49 85
17 49 228
18 49 243
19 49 190
20 49 231
21 49 127
22 49 111
23 49 165
24 49 102
25 49 167
26 49 70
27 49 116
28 49 53
29 49 198
30 49 135
31 49 22
32 49 99
33 49 60
34 49 102
35 49 251
36 49 117
37 49 12
38 49 38
39 49 104
40 49 101
41 49 213
42 49 60
43 49 17
44 49 234
45 49 5
46 49 177
47 49 233
48 49 250
49 49 73
50 49 200
51 49 57
52 49 141
53 49 72
54 49 225
55 49 239
56 49 165
57 49 144
58 49 157
59 49 57
60 49 139
61 49 208
62 49 67
63 49 83
64 49 91
65 49 73
66 49 98
67 49 158
68 49 194
69 49 127
70 49 184
71 49 241
72 49 7
73 49 52
74 49 83
75 49 51
76 49 72
77 49 150
78 49 246
79 49 42
80 49 7
81 49 184
82 49 190
83 49 142
84 49 229
85 49 63
86 49 5
87 49 98
88 49 172
89 49 94
90 49 135
91 49 132
92 49 147
93 49 4
94 49 195
95 49 130
96 49 190
97 49 83
98 49 165
99 49 175

0 50 5
1 50 85
2 50 97
3 50 118
4 50 246
5 50 234
6 50 162
7 50 239
8 50 29
9 50 5
10 50 228
11 50 176
12 50 131
13 50 24
14 50 30
15 50 230
16 50 116
17 50 205
18 50 165
19 50 164
20 50 133
21 50 247
22 50 77
23 50 122
24 50 214
25 50 200
26 50 209
27 50 74
28 50 149
29 50 68
30 50 117
31 50 87
32 50 195
33 50 245
34 50 233
35 50 159
36 50 59
37 50 225
38 50 113
39 50 107
40 50 240
41 50 185
42 50 67
43 50 36
44 50 118
45 50 83
46 50 48
47 50 104
48 50 196
49 50 90
50 50 135
51 50 93
52 50 56
53 50 69
54 50 55
55 50 69
56 50 219
57 50 133
58 50 51
59 50 83
60 50 231
61 50 3
62 50 27
63 50 189
64 50 134
65 50 201
66 50 24
67 50 19
68 50 221
69 50 255
70 50 8
71 50 207
72 50 73
73 50 26
74 50 219
75 50 45
76 50 232
77 50 80
78 50 60
79 50 61
80 50 92
81 50 79
82 50 116
83 50 54
84 50 203
85 50 46
86 50 140
87 50 13
88 50 42
89 50 164
90 50 178
91 50 70
92 50 188
93 50 120
94 50 223
95 50 11
96 50 213
97 50 56
98 50 182
99 50 123

0 51 228
1 51 46
2 51 174
3 51 68
4 51 176
5 51 144
6 51 115
7 51 116
8 51 226
9 51 247
10 51 138
11 51 140
12 51 196
13 51 18
14 51 52
15 51 214
16 51 72
17 51 156
18 51 150
19 51 249
20 51 76
21 51 139
22 51 22
23 51 203
24 51 28
25 51 139
26 51 8
27 51 102
28 51 57
29 51 170
30 51 138
31 51 126
32 51 89
33 51 85
34 51 172
35 51 242
36 51 174
37 51 131
38 51 213
39 51 160
40 51 107
41 51 48
42 51 98
43 51 126
44 51 133
45 51 13
46 51 143
47 51 231
48 51 182
49 51 118
50 51 155
51 51 50
52 51 200
53 51 164
54 51 39
55 51 137
56 51 16
57 51 36
58 51 224
59 51 248
60 51 57
61 51 135
62 51 93
63 51 197
64 51 67
65 51 92
66 51 74
67 51 0
68 51 202
69 51 91
70 51 199
71 51 90
72 51 140
73 51 227
74 51 11
75 51 59
76 51 38
77 51 167
78 51 77
79 51 14
80 51 30
81 51 164
82 51 228
83 51 224
84 51 38
85 51 86
86 51 173
87 51 41
88 51 159
89 51 43
90 51 173
91 51 233
92 51 93
93 51 56
94 51 247
95 51 247
96 51 170
97 51 42
98 51 208
99 51 150

0 52 141
1 52 128
2 52 18
3 52 74
4 52 76
5 52 248
6 52 206
7 52 234
8 52 47
9 52 71
10 52 53
11 52 245
12 52 135
13 52 13
14 52 185
15 52 41
16 52 239
17 52 8
18 52 111
19 52 82
20 52 210
21 52 136
22 52 184
23 52 97
24 52 45
25 52 35
26 52 32
27 52 189
28 52 150
29 52 169
30 52 134
31 52 222
32 52 126
33 52 91
34 52 126
35 52 23
36 52 179
37 52 87
38 52 243
39 52 179
40 52 40
41 52 87
42 52 17
43 52 68
44 52 249
45 52 155
46 52 97
47 52 56
48 52 170
49 52 36
50 52 54
51 52 173
52 52 176
53 52 35
54 52 73
55 52 135
56 52 50
57 52 177
58 52 160
59 52 191
60 52 16
61 52 192
62 52 180
63 52 253
64 52 37
65 52 82
66 52 210
67 52 106
68 52 201
69 52 233
70 52 194
71 52 191
72 52 154
73 52 62
74 52 167
75 52 163
76 52 125
77 52 53
78 52 38
79 52 51
80 52 223
81 52 17
82 52 202
83 52 226
84 52 65
85 52 228
86 52 167
87 52 131
88 52 243
89 52 74
90 52 62
91 52 164
92 52 31
93 52 87
94 52 161
95 52 30
96 52 10
97 52 206
98 52 216
99 52 234

0 53 151
1 53 148
2 53 130
3 53 54
4 53 13
5 53 100
6 53 191
7 53 184
8 53 25
9 53 195
10 53 78
11 53 67
12 53 23
13 53 55
14 53 243
15 53 152
16 53 141
17 53 180
18 53 28
19 53 126
20 53 248
21 53 87
22 53 195
23 53 21
24 53 204
25 53 87
26 53 150
27 53 103
28 53 182
29 53 56
30 53 86
31 53 64
32 53 36
33 53 65
34 53 125
35 53 64
36 53 7
37 53 49
38 53 35
39 53 46
40 53 215
41 53 46
42 53 34
43 53 143
44 53 216
45 53 254
46 53 121
47 53 119
48 53 157
49 53 121
50 53 238
51 53 160
52 53 202
53 53 62
54 53 248
55 53 185
56 53 30
57 53 166
58 53 219
59 53 0
60 53 176
61 53 246
62 53 21
63 53 19
64 53 120
65 53 217
66 53 249
67 53 3
68 53 18
69 53 13
70 53 154
71 53 171
72 53 191
73 53 92
74 53 234
75 53 64
76 53 173
77 53 206
78 53 35
79 53 41
80 53 120
81 53 29
82 53 102
83 53 16
84 53 240
85 53 105
86 53 162
87 53 57
88 53 29
89 53 45
90 53 184
91 53 18
92 53 128
93 53 114
94 53 221
95 53 12
96 53 156
97 53 66
98 53 63
99 53 170

0 54 181
1 54 96
2 54 235
3 54 215
4 54 216
5 54 54
6 54 238
7 54 125
8 54 27
9 54 15
10 54 186
11 54 83
12 54 38
13 54 134
14 54 204
15 54 247
16 54 242
17 54 62
18 54 140
19 54 60
20 54 209
21 54 212
22 54 117
23 54 197
24 54 175
25 54 18
26 54 117
27 54 211
28 54 151
29 54 102
30 54 151
31 54 91
32 54 121
33 54 146
34 54 223
35 54 92
36 54 42
37 54 164
38 54 117
39 54 111
40 54 172
41 54 41
42 54 7
43 54 160
44 54 176
45 54 158
46 54 104
47 54 124
48 54 89
49 54 39
50 54 125
51 54 107
52 54 67
53 54 132
54 54 89
55 54 64
56 54 196
57 54 64
58 54 167
59 54 15
60 54 113
61 54 43
62 54 72
63 54 62
64 54 228
65 54 11
66 54 62
67 54 223
68 54 189
69 54 143
70 54 201
71 54 61
72 54 231
73 54 132
74 54 207
75 54 181
76 54 29
77 54 75
78 54 129
79 54 200
80 54 172
81 54 139
82 54 60
83 54 110
84 54 122
85 54 35
86 54 173
87 54 172
88 54 71
89 54 99
90 54 57
91 54 104
92 54 51
93 54 123
94 54 156
95 54 125
96 54 128
97 54 51
98 54 208
99 54 11

0 55 154
1 55 221
2 55 48
3 55 16
4 55 84
5 55 136
6 55 221
7 55 61
8 55 117
9 55 119
10 55 97
11 55 2
12 55 115
13 55 210
14 55 146
15 55 236
16 55 126
17 55 154
18 55 185
19 55 48
20 55 192
21 55 226
22 55 244
23 55 136
24 55 228
25 55 61
26 55 217
27 55 61
28 55 213
29 55 115
30 55 92
31 55 133
32 55 200
33 55 120
34 55 243
35 55 16
36 55 124
37 55 158
38 55 248
39 55 222
40 55 192
41 55 9
42 55 78
43 55 83
44 55 55
45 55 99
46 55 71
47 55 141
48 55 88
49 55 210
50 55 197
51 55 245
52 55 184
53 55 39
54 55 160
55 55 20
56 55 140
57 55 89
58 55 72
59 55 169
60 55 105
61 55 49
62 55 172
63 55 248
64 55 79
65 55 70
66 55 90
67 55 100
68 55 230
69 55 44
70 55 231
71 55 64
72 55 7
73 55 233
74 55 145
75 55 227
76 55 126
77 55 168
78 55 35
79 55 250
80 55 15
81 55 178
82 55 25
83 55 35
84 55 183
85 55 153
86 55 5
87 55 183
88 55 51
89 55 182
90 55 49
91 55 230
92 55 199
93 55 214
94 55 134
95 55 10
96 55 56
97 55 49
98 55 172
99 55 53

0 56 26
1 56 156
2 56 115
3 56 12
4 56 82
5 56 255
6 56 114
7 56 217
8 56 211
9 56 8
10 56 238
11 56 219
12 56 171
13 56 33
14 56 253
15 56 225
16 56 67
17 56 160
18 56 234
19 56 23
20 56 226
21 56 62
22 56 220
23 56 31
24 56 116
25 56 203
26 56 179
27 56 99
28 56 138
29 56 32
30 56 51
31 56 170
32 56 161
33 56 84
34 56 100
35 56 234
36 56 167
37 56 51
38 56 56
39 56 93
40 56 187
41 56 235
42 56 111
43 56 215
44 56 53
45 56 9
46 56 184
47 56 87
48 56 230
49 56 164
50 56 25
51 56 220
52 56 161
53 56 216
54 56 144
55 56 122
56 56 249
57 56 119
58 56 251
59 56 172
60 56 77
61 56 250
62 56 53
63 56 236
64 56 2
65 56 190
66 56 130
67 56 129
68 56 16
69 56 109
70 56 45
71 56 153
72 56 192
73 56 185
74 56 111
75 56 151
76 56 180
77 56 81
78 56 147
79 56 174
80 56 39
81 56 13
82 56 88
83 56 175
84 56 118
85 56 108
86 56 151
87 56 31
88 56 223
89 56 65
90 56 37
91 56 141
92 56 137
93 56 169
94 56 251
95 56 34
96 56 197
97 56 64
98 56 148
99 56 122

0 57 148
1 57 149
2 57 151
3 57 178
4 57 105
5 57 219
6 57 182
7 57 195
8 57 48
9 57 225
10 57 214
11 57 14
12 57 142
13 57 68
14 57 112
15 57 56
16 57 107
17 57 227
18 57 55
19 57 55
20 57 174
21 57 147
22 57 251
23 57 173
24 57 71
25 57 20
26 57 205
27 57 117
28 57 115
29 57 68
30 57 100
31 57 124
32 57 59
33 57 147
34 57 191
35 57 211
36 57 62
37 57 183
38 57 12
39 57 2
40 57 177
41 57 161
42 57 201
43 57 158
44 57 164
45 57 175
46 57 41
47 57 30
48 57 135
49 57 35
50 57 185
51 57 234
52 57 236
53 57 212
54 57 67
55 57 181
56 57 143
57 57 35
58 57 242
59 57 13
60 57 147
61 57 49
62 57 184
63 57 48
64 57 14
65 57 79
66 57 237
67 57 34
68 57 200
69 57 182
70 57 57
71 57 252
72 57 64
73 57 121
74 57 179
75 57 135
76 57 240
77 57 183
78 57 74
79 57 9
80 57 210
81 57 21
82 57 101
83 57 95
84 57 35
85 57 107
86 57 198
87 57 76
88 57 103
89 57 190
90 57 180
91 57 17
92 57 173
93 57 111
94 57 89
95 57 62
96 57 20
97 57 177
98 57 105
99 57 199

0 58 142
1 58 64
2 58 4
3 58 90
4 58 228
5 58 81
6 58 222
7 58 240
8 58 251
9 58 196
10 58 157
11 58 163
12 58 85
13 58 161
14 58 130
15 58 191
16 58 218
17 58 194
18 58 76
19 58 27
20 58 217
21 58 205
22 58 89
23 58 170
24 58 74
25 58 102
26 58 15
27 58 77
28 58 86
29 58 162
30 58 122
31 58 235
32 58 25
33 58 190
34 58 54
35 58 196
36 58 166
37 58 17
38 58 144
39 58 2
40 58 75
41 58 63
42 58 232
43 58 145
44 58 23
45 58 176
46 58 90
47 58 49
48 58 154
49 58 64
50 58 157
51 58 202
52 58 236
53 58 56
54 58 42
55 58 255
56 58 241
57 58 126
58 58 161
59 58 5
60 58 218
61 58 8
62 58 105
63 58 182
64 58 239
65 58 150
66 58 151
67 58 225
68 58 140
69 58 161
70 58 18
71 58 229
72 58 106
73 58 142
74 58 244
75 58 126
76 58 32
77 58 40
78 58 51
79 58 222
80 58 234
81 58 77
82 58 128
83 58 0
84 58 168
85 58 231
86 58 111
87 58 57
88 58 42
89 58 31
90 58 217
91 58 16
92 58 170
93 58 205
94 58 127
95 58 79
96 58 154
97 58 50
98 58 239
99 58 90

0 59 161
1 59 233
2 59 172
3 59 192
4 59 224
5 59 27
6 59 137
7 59 16
8 59 121
9 59 243
10 59 86
11 59 238
12 59 82
13 59 81
14 59 190
15 59 101
16 59 22
17 59 195
18 59 112
19 59 127
20 59 125
21 59 177
22 59 125
23 59 19
24 59 206
25 59 215
26 59 1
27 59 223
28 59 162
29 59 248
30 59 6
31 59 214
32 59 234
33 59 209
34 59 165
35 59 187
36 59 51
37 59 77
38 59 110
39 59 239
40 59 41
41 59 247
42 59 11
43 59 136
44 59 90
45 59 180
46 59 31
47 59 162
48 59 61
49 59 178
50 59 116
51 59 250
52 59 115
53 59 156
54 59 86
55 59 185
56 59 76
57 59 16
58 59 58
59 59 141
60 59 141
61 59 82
62 59 164
63 59 254
64 59 113
65 59 66
66 59 71
67 59 0
68 59 237
69 59 139
70 59 109
71 59 196
72 59 56
73 59 30
74 59 153
75 59 212
76 59 139
77 59 223
78 59 107
79 59 95
80 59 38
81 59 157
82 59 197
83 59 209
84 59 147
85 59 72
86 59 44
87 59 167
88 59 46
89 59 94
90 59 113
91 59 130
92 59 229
93 59 167
94 59 144
95 59 122
96 59 61
97 59 34
98 59 216
99 59 180

0 60 149
1 60 63
2 60 76
3 60 55
4 60 175
5 60 78
6 60 74
7 60 251
8 60 108
9 60 56
10 60 106
11 60 67
12 60 215
13 60 109
14 60 169
15 60 45
16 60 101
17 60 29
18 60 199
19 60 136
20 60 124
21 60 171
22 60 237
23 60 229
24 60 49
25 60 95
26 60 147
27 60 241
28 60 86
29 60 91
30 60 161
31 60 2
32 60 180
33 60 208
34 60 212
35 60 239
36 60 149
37 60 113
38 60 100
39 60 37
40 60 134
41 60 40
42 60 228
43 60 247
44 60 90
45 60 8
46 60 105
47 60 54
48 60 114
49 60 132
50 60 238
51 60 2
52 60 60
53 60 222
54 60 247
55 60 223
56 60 250
57 60 226
58 60 117
59 60 12
60 60 197
61 60 211
62 60 234
63 60 16
64 60 209
65 60 166
66 60 205
67 60 149
68 60 242
69 60 110
70 60 48
71 60 121
72 60 95
73 60 24
74 60 160
75 60 35
76 60 183
77 60 88
78 60 77
79 60 19
80 60 65
81 60 227
82 60 107
83 60 189
84 60 120
85 60 223
86 60 215
87 60 152
88 60 199
89 60 151
90 60 254
91 60 114
92 60 145
93 60 116
94 60 251
95 60 6
96 60 116
97 60 41
98 60 255
99 60 208

0 61 207
1 61 45
2 61 246
3 61 32
4 61 129
5 61 110
6 61 103
7 61 110
8 61 244
9 61 68
10 61 156
11 61 237
12 61 91
13 61 163
14 61 4
15 61 98
16 61 55
17 61 150
18 61 213
19 61 55
20 61 32
21 61 232
22 61 245
23 61 203
24 61 194
25 61 36
26 61 27
27 61 13
28 61 38
29 61 193
30 61 50
31 61 73
32 61 51
33 61 150
34 61 254
35 61 66
36 61 116
37 61 148
38 61 1
39 61 128
40 61 27
41 61 179
42 61 160
43 61 235
44 61 70
45 61 45
46 61 130
47 61 153
48 61 130
49 61 235
50 61 57
51 61 229
52 61 141
53 61 60
54 61 36
55 61 193
56 61 97
57 61 205
58 61 147
59 61 77
60 61 109
61 61 214
62 61 45
63 61 168
64 61 38
65 61 145
66 61 143
67 61 5
68 61 190
69 61 240
70 61 54
71 61 2
72 61 51
73 61 143
74 61 159
75 61 54
76 61 140
77 61 232
78 61 172
79 61 9
80 61 96
81 61 198
82 61 74
83 61 201
84 61 151
85 61 252
86 61 81
87 61 250
88 61 116
89 61 86
90 61 172
91 61 237
92 61 212
93 61 208
94 61 185
95 61 148
96 61 176
97 61 6
98 61 242
99 61 148

0 62 233
1 62 236
2 62 206
3 62 156
4 62 69
5 62 191
6 62 226
7 62 245
8 62 180
9 62 59
10 62 76
11 62 91
12 62 217
13 62 15
14 62 81
15 62 12
16 62 197
17 62 142
18 62 69
19 62 30
20 62 6
21 62 167
22 62 171
23 62 21
24 62 224
25 62 23
26 62 158
27 62 181
28 62 218
29 62 221
30 62 112
31 62 21
32 62 125
33 62 238
34 62 144
35 62 245
36 62 88
37 62 43
38 62 177
39 62 81
40 62 71
41 62 144
42 62 40
43 62 55
44 62 245
45 62 174
46 62 150
47 62 213
48 62 160
49 62 91
50 62 200
51 62 214
52 62 28
53 62 168
54 62 219
55 62 239
56 62 27
57 62 19
58 62 164
59 62 180
60 62 171
61 62 254
62 62 79
63 62 177
64 62 0
65 62 96
66 62 69
67 62 182
68 62 116
69 62 187
70 62 84
71 62 114
72 62 204
73 62 78
74 62 10
75 62 67
76 62 189
77 62 139
78 62 97
79 62 77
80 62 175
81 62 203
82 62 162
83 62 202
84 62 192
85 62 65
86 62 131
87 62 160
88 62 12
89 62 44
90 62 146
91 62 57
92 62 44
93 62 81
94 62 215
95 62 143
96 62 252
97 62 169
98 62 181
99 62 134

0 63 161
1 63 87
2 63 18
3 63 127
4 63 203
5 63 220
6 63 184
7 63 42
8 63 56
9 63 142
10 63 250
11 63 155
12 63 122
13 63 71
14 63 154
15 63 161
16 63 249
17 63 90
18 63 234
19 63 83
20 63 59
21 63 203
22 63 50
23 63 235
24 63 99
25 63 191
26 63 82
27 63 216
28 63 248
29 63 49
30 63 168
31 63 14
32 63 232
33 63 231
34 63 52
35 63 161
36 63 205
37 63 164
38 63 250
39 63 146
40 63 110
41 63 160
42 63 168
43 63 233
44 63 137
45 63 53
46 63 121
47 63 3
48 63 208
49 63 219
50 63 89
51 63 46
52 63 49
53 63 86
54 63 74
55 63 115
56 63 90
57 63 46
58 63 6
59 63 179
60 63 125
61 63 96
62 63 230
63 63 246
64 63 80
65 63 83
66 63 2
67 63 255
68 63 89
69 63 13
70 63 154
71 63 36
72 63 104
73 63 167
74 63 181
75 63 92
76 63 101
77 63 254
78 63 7
79 63 154
80 63 75
81 63 172
82 63 24
83 63 89
84 63 117
85 63 55
86 63 163
87 63 120
88 63 25
89 63 135
90 63 60
91 63 73
92 63 18
93 63 158
94 63 54
95 63 229
96 63 226
97 63 131
98 63 196
99 63 194

0 64 247
1 64 127
2 64 94
3 64 135
4 64 45
5 64 140
6 64 103
7 64 30
8 64 149
9 64 11
10 64 12
11 64 11
12 64 117
13 64 181
14 64 111
15 64 253
16 64 143
17 64 212
18 64 5
19 64 163
20 64 166
21 64 179
22 64 60
23 64 193
24 64 63
25 64 83
26 64 98
27 64 131
28 64 165
29 64 95
30 64 194
31 64 17
32 64 47
33 64 98
34 64 16
35 64 99
36 64 197
37 64 56
38 64 7
39 64 87
40 64 161
41 64 195
42 64 80
43 64 1
44 64 83
45 64 223
46 64 166
47 64 66
48 64 8
49 64 151
50 64 56
51 64 156
52 64 11
53 64 153
54 64 78
55 64 68
56 64 140
57 64 231
58 64 48
59 64 121
60 64 161
61 64 208
62 64 68
63 64 21
64 64 138
65 64 31
66 64 118
67 64 98
68 64 57
69 64 146
70 64 220
71 64 46
72 64 18
73 64 141
74 64 154
75 64 34
76 64 239
77 64 16
78 64 4
79 64 79
80 64 103
81 64 231
82 64 3
83 64 10
84 64 80
85 64 32
86 64 186
87 64 250
88 64 130
89 64 194
90 64 105
91 64 111
92 64 222
93 64 188
94 64 145
95 64 245
96 64 143
97 64 28
98 64 89
99 64 42

0 65 144
1 65 129
2 65 48
3 65 204
4 65 110
5 65 211
6 65 180
7 65 22
8 65 80
9 65 49
10 65 210
11 65 77
12 65 52
13 65 43
14 65 47
15 65 150
16 65 123
17 65 50
18 65 199
19 65 10
20 65 168
21 65 76
22 65 213
23 65 12
24 65 101
25 65 13
26 65 242
27 65 218
28 65 199
29 65 194
30 65 128
31 65 99
32 65 210
33 65 239
34 65 73
35 65 89
36 65 64
37 65 252
38 65 100
39 65 134
40 65 126
41 65 43
42 65 89
43 65 99
44 65 248
45 65 205
46 65 132
47 65 231
48 65 150
49 65 182
50 65 191
51 65 157
52 65 134
53 65 238
54 65 59
55 65 249
56 65 61
57 65 169
58 65 175
59 65 236
60 65 184
61 65 121
62 65 181
63 65 182
64 65 8
65 65 195
66 65 112
67 65 252
68 65 13
69 65 112
70 65 115
71 65 26
72 65 130
73 65 228
74 65 222
75 65 186
76 65 57
77 65 52
78 65 202
79 65 166
80 65 168
81 65 147
82 65 232
83 65 218
84 65 165
85 65 14
86 65 100
87 65 222
88 65 110
89 65 122
90 65 16
91 65 82
92 65 236
93 65 170
94 65 190
95 65 202
96 65 57
97 65 229
98 65 237
99 65 221

0 66 95
1 66 150
2 66 169
3 66 121
4 66 99
5 66 70
6 66 172
7 66 121
8 66 130
9 66 200
10 66 201
11 66 122
12 66 186
13 66 179
14 66 139
15 66 234
16 66 140
17 66 22
18 66 25
19 66 97
20 66 1
21 66 102
22 66 92
23 66 53
24 66 235
25 66 187
26 66 100
27 66 73
28 66 109
29 66 60
30 66 8
31 66 37
32 66 189
33 66 216
34 66 205
35 66 76
36 66 41
37 66 56
38 66 10
39 66 201
40 66 88
41 66 241
42 66 73
43 66 12
44 66 211
45 66 253
46 66 239
47 66 244
48 66 195
49 66 108
50 66 32
51 66 45
52 66 253
53 66 87
54 66 221
55 66 188
56 66 59
57 66 22
58 66 111
59 66 216
60 66 172
61 66 178
62 66 9
63 66 252
64 66 176
65 66 157
66 66 169
67 66 58
68 66 220
69 66 161
70 66 63
71 66 210
72 66 69
73 66 23
74 66 17
75 66 3
76 66 251
77 66 89
78 66 94
79 66 33
80 66 211
81 66 122
82 66 65
83 66 232
84 66 106
85 66 52
86 66 217
87 66 16
88 66 102
89 66 33
90 66 167
91 66 33
92 66 255
93 66 46
94 66 55
95 66 137
96 66 191
97 66 78
98 66 3
99 66 236

0 67 133
1 67 107
2 67 148
3 67 187
4 67 208
5 67 162
6 67 234
7 67 8
8 67 58
9 67 175
10 67 30
11 67 153
12 67 67
13 67 166
14 67 70
15 67 59
16 67 80
17 67 229
18 67 153
19 67 88
20 67 244
21 67 70
22 67 212
23 67 204
24 67 109
25 67 153
26 67 220
27 67 245
28 67 114
29 67 81
30 67 164
31 67 9
32 67 44
33 67 125
34 67 81
35 67 173
36 67 130
37 67 250
38 67 156
39 67 195
40 67 153
41 67 231
42 67 120
43 67 131
44 67 155
45 67 90
46 67 245
47 67 205
48 67 184
49 67 81
50 67 101
51 67 189
52 67 107
53 67 236
54 67 189
55 67 129
56 67 255
57 67 217
58 67 62
59 67 103
60 67 81
61 67 15
62 67 84
63 67 58
64 67 215
65 67 191
66 67 190
67 67 207
68 67 225
69 67 135
70 67 239
71 67 219
72 67 31
73 67 234
74 67 180
75 67 7
76 67 100
77 67 253
78 67 24
79 67 71
80 67 169
81 67 98
82 67 133
83 67 103
84 67 85
85 67 122
86 67 43
87 67 231
88 67 188
89 67 215
90 67 165
91 67 8
92 67 229
93 67 240
94 67 218
95 67 39
96 67 144
97 67 25
98 67 34
99 67 74

0 68 119
1 68 178
2 68 171
3 68 249
4 68 213
5 68 158
6 68 26
7 68 79
8 68 37
9 68 247
10 68 117
11 68 80
12 68 44
13 68 255
14 68 64
15 68 125
16 68 57
17 68 90
18 68 230
19 68 166
20 68 172
21 68 123
22 68 91
23 68 0
24 68 181
25 68 93
26 68 0
27 68 119
28 68 94
29 68 115
30 68 199
31 68 69
32 68 204
33 68 225
34 68 151
35 68 196
36 68 193
37 68 236
38 68 242
39 68 128
40 68 102
41 68 175
42 68 213
43 68 145
44 68 72
45 68 16
46 68 223
47 68 40
48 68 160
49 68 243
50 68 182
51 68 103
52 68 215
53 68 174
54 68 167
55 68 118
56 68 73
57 68 188
58 68 140
59 68 211
60 68 74
61 68 181
62 68 243
63 68 233
64 68 102
65 68 125
66 68 124
67 68 229
68 68 237
69 68 188
70 68 131
71 68 197
72 68 176
73 68 143
74 68 255
75 68 177
76 68 5
77 68 126
78 68 170
79 68 143
80 68 17
81 68 173
82 68 99
83 68 210
84 68 70
85 68 86
86 68 208
87 68 146
88 68 42
89 68 118
90 68 71
91 68 226
92 68 90
93 68 199
94 68 239
95 68 94
96 68 207
97 68 239
98 68 34
99 68 3

0 69 97
1 69 247
2 69 22
3 69 68
4 69 137
5 69 254
6 69 189
7 69 89
8 69 107
9 69 47
10 69 233
11 69 219
12 69 20
13 69 240
14 69 180
15 69 142
16 69 0
17 69 92
18 69 31
19 69 126
20 69 223
21 69 244
22 69 249
23 69 77
24 69 152
25 69 145
26 69 3
27 69 203
28 69 143
29 69 158
30 69 81
31 69 199
32 69 36
33 69 131
34 69 243
35 69 37
36 69 124
37 69 100
38 69 213
39 69 49
40 69 131
41 69 12
42 69 228
43 69 51
44 69 49
45 69 36
46 69 114
47 69 68
48 69 13
49 69 169
50 69 220
51 69 95
52 69 240
53 69 157
54 69 106
55 69 187
56 69 12
57 69 252
58 69 118
59 69 88
60 69 44
61 69 241
62 69 209
63 69 216
64 69 61
65 69 74
66 69 98
67 69 145
68 69 14
69 69 42
70 69 16
71 69 224
72 69 84
73 69 253
74 69 227
75 69 192
76 69 241
77 69 177
78 69 101
79 69 155
80 69 118
81 69 36
82 69 79
83 69 96
84 69 230
85 69 216
86 69 97
87 69 213
88 69 189
89 69 238
90 69 146
91 69 47
92 69 48
93 69 82
94 69 105
95 69 224
96 69 183
97 69 51
98 69 171
99 69 176

0 70 201
1 70 182
2 70 54
3 70 15
4 70 230
5 70 235
6 70 45
7 70 169
8 70 219
9 70 0
10 70 85
11 70 60
12 70 66
13 70 180
14 70 191
15 70 166
16 70 72
17 70 15
18 70 168
19 70 67
20 70 179
21 70 80
22 70 157
23 70 117
24 70 35
25 70 40
26 70 227
27 70 132
28 70 151
29 70 37
30 70 21
31 70 169
32 70 52
33 70 113
34 70 15
35 70 101
36 70 66
37 70 188
38 70 11
39 70 23
40 70 120
41 70 119
42 70 10
43 70 206
44 70 121
45 70 67
46 70 118
47 70 92
48 70 158
49 70 169
50 70 5
51 70 172
52 70 246
53 70 11
54 70 224
55 70 85
56 70 139
57 70 218
58 70 5
59 70 110
60 70 231
61 70 10
62 70 233
63 70 165
64 70 215
65 70 195
66 70 98
67 70 139
68 70 111
69 70 90
70 70 197
71 70 50
72 70 78
73 70 127
74 70 75
75 70 250
76 70 36
77 70 184
78 70 186
79 70 168
80 70 113
81 70 14
82 70 65
83 70 184
84 70 143
85 70 5
86 70 163
87 70 245
88 70 242
89 70 210
90 70 152
91 70 70
92 70 175
93 70 201
94 70 112
95 70 203
96 70 59
97 70 21
98 70 249
99 70 40

0 71 117
1 71 171
2 71 163
3 71 33
4 71 231
5 71 129
6 71 226
7 71 104
8 71 73
9 71 250
10 71 212
11 71 178
12 71 71
13 71 165
14 71 36
15 71 16
16 71 133
17 71 40
18 71 46
19 71 125
20 71 223
21 71 119
22 71 99
23 71 179
24 71 245
25 71 74
26 71 239
27 71 68
28 71 231
29 71 205
30 71 154
31 71 229
32 71 93
33 71 153
34 71 236
35 71 13
36 71 203
37 71 227
38 71 149
39 71 191
40 71 243
41 71 243
42 71 12
43 71 163
44 71 171
45 71 216
46 71 117
47 71 92
48 71 224
49 71 91
50 71 200
51 71 22
52 71 219
53 71 49
54 71 48
55 71 94
56 71 195
57 71 117
58 71 177
59 71 55
60 71 99
61 71 85
62 71 14
63 71 106
64 71 46
65 71 11
66 71 234
67 71 29
68 71 128
69 71 15
70 71 45
71 71 167
72 71 39
73 71 138
74 71 169
75 71 163
76 71 34
77 71 14
78 71 254
79 71 67
80 71 168
81 71 133
82 71 186
83 71 232
84 71 109
85 71 104
86 71 197
87 71 239
88 71 32
89 71 50
90 71 253
91 71 205
92 71 56
93 71 19
94 71 29
95 71 94
96 71 240
97 71 232
98 71 227
99 71 122

0 72 144
1 72 107
2 72 114
3 72 202
4 72 239
5 72 167
6 72 245
7 72 217
8 72 54
9 72 176
10 72 133
11 72 110
12 72 230
13 72 144
14 72 77
15 72 26
16 72 29
17 72 132
18 72 235
19 72 13
20 72 21
21 72 105
22 72 26
23 72 45
24 72 237
25 72 113
26 72 142
27 72 106
28 72 172
29 72 26
30 72 32
31 72 75
32 72 131
33 72 97
34 72 43
35 72 205
36 72 82
37 72 50
38 72 54
39 72 110
40 72 110
41 72 36
42 72 211
43 72 133
44 72 162
45 72 99
46 72 198
47 72 212
48 72 115
49 72 237
50 72 106
51 72 96
52 72 168
53 72 2
54 72 81
55 72 129
56 72 10
57 72 213
58 72 43
59 72 53
60 72 105
61 72 136
62 72 233
63 72 185
64 72 223
65 72 87
66 72 34
67 72 91
68 72 89
69 72 20
70 72 181
71 72 138
72 72 82
73 72 211
74 72 176
75 72 47
76 72 226
77 72 230
78 72 112
79 72 64
80 72 248
81 72 12
82 72 10
83 72 145
84 72 227
85 72 229
86 72 234
87 72 238
88 72 24
89 72 169
90 72 186
91 72 104
92 72 47
93 72 26
94 72 134
95 72 236
96 72 46
97 72 183
98 72 29
99 72 26

0 73 10
1 73 51
2 73 186
3 73 83
4 73 107
5 73 37
6 73 227
7 73 20
8 73 176
9 73 1
10 73 146
11 73 131
12 73 51
13 73 71
14 73 147
15 73 72
16 73 206
17 73 250
18 73 45
19 73 158
20 73 158
21 73 84
22 73 4
23 73 170
24 73 6
25 73 184
26 73 62
27 73 11
28 73 247
29 73 232
30 73 229
31 73 178
32 73 111
33 73 120
34 73 140
35 73 244
36 73 64
37 73 131
38 73 54
39 73 221
40 73 19
41 73 156
42 73 115
43 73 200
44 73 172
45 73 7
46 73 204
47 73 44
48 73 112
49 73 42
50 73 97
51 73 185
52 73 36
53 73 62
54 73 209
55 73 164
56 73 247
57 73 74
58 73 90
59 73 63
60 73 195
61 73 82
62 73 66
63 73 204
64 73 144
65 73 203
66 73 117
67 73 147
68 73 90
69 73 83
70 73 111
71 73 50
72 73 20
73 73 159
74 73 92
75 73 53
76 73 236
77 73 181
78 73 126
79 73 230
80 73 209
81 73 91
82 73 208
83 73 102
84 73 50
85 73 207
86 73 233
87 73 253
88 73 9
89 73 184
90 73 34
91 73 175
92 73 25
93 73 93
94 73 251
95 73 16
96 73 115
97 73 21
98 73 187
99 73 89

0 74 63
1 74 254
2 74 87
3 74 186
4 74 185
5 74 242
6 74 149
7 74 242
8 74 122
9 74 183
10 74 113
11 74 30
12 74 249
13 74 118
14 74 192
15 74 206
16 74 81
17 74 111
18 74 19
19 74 94
20 74 69
21 74 234
22 74 222
23 74 132
24 74 129
25 74 113
26 74 218
27 74 37
28 74 34
29 74 60
30 74 167
31 74 109
32 74 121
33 74 237
34 74 182
35 74 30
36 74 12
37 74 126
38 74 102
39 74 40
40 74 222
41 74 119
42 74 109
43 74 123
44 74 241
45 74 100
46 74 122
47 74 25
48 74 8
49 74 134
50 74 25
51 74 111
52 74 177
53 74 201
54 74 214
55 74 229
56 74 131
57 74 246
58 74 165
59 74 180
60 74 165
61 74 42
62 74 129
63 74 247
64 74 144
65 74 135
66 74 84
67 74 6
68 74 21
69 74 41
70 74 23
71 74 255
72 74 161
73 74 91
74 74 58
75 74 165
76 74 192
77 74 11
78 74 70
79 74 110
80 74 224
81 74 124
82 74 193
83 74 215
84 74 88
85 74 59
86 74 82
87 74 251
88 74 168
89 74 84
90 74 37
91 74 100
92 74 2
93 74 197
94 74 145
95 74 33
96 74 10
97 74 51
98 74 248
99 74 24

0 75 219
1 75 220
2 75 239
3 75 158
4 75 74
5 75 205
6 75 159
7 75 69
8 75 110
9 75 85
10 75 107
11 75 245
12 75 96
13 75 185
14 75 212
15 75 63
16 75 63
17 75 41
18 75 153
19 75 237
20 75 119
21 75 243
22 75 34
23 75 222
24 75 67
25 75 247
26 75 30
27 75 17
28 75 113
29 75 91
30 75 108
31 75 255
32 75 102
33 75 128
34 75 55
35 75 46
36 75 97
37 75 52
38 75 102
39 75 3
40 75 4
41 75 41
42 75 51
43 75 216
44 75 16
45 75 165
46 75 25
47 75 78
48 75 112
49 75 124
50 75 244
51 75 228
52 75 121
53 75 60
54 75 100
55 75 201
56 75 112
57 75 167
58 75 114
59 75 239
60 75 76
61 75 102
62 75 118
63 75 97
64 75 190
65 75 251
66 75 56
67 75 214
68 75 111
69 75 248
70 75 85
71 75 134
72 75 137
73 75 110
74 75 228
75 75 60
76 75 120
77 75 169
78 75 90
79 75 173
80 75 242
81 75 26
82 75 171
83 75 8
84 75 52
85 75 149
86 75 178
87 75 206
88 75 143
89 75 189
90 75 211
91 75 228
92 75 36
93 75 188
94 75 223
95 75 231
96 75 236
97 75 55
98 75 55
99 75 191

0 76 251
1 76 128
2 76 53
3 76 119
4 76 5
5 76 14
6 76 199
7 76 75
8 76 33
9 76 43
10 76 93
11 76 3
12 76 205
13 76 237
14 76 6
15 76 128
16 76 50
17 76 103
18 76 213
19 76 149
20 76 170
21 76 32
22 76 138
23 76 24
24 76 128
25 76 197
26 76 110
27 76 56
28 76 247
29 76 26
30 76 127
31 76 16
32 76 141
33 76 54
34 76 205
35 76 125
36 76 128
37 76 240
38 76 36
39 76 45
40 76 146
41 76 149
42 76 235
43 76 249
44 76 9
45 76 220
46 76 76
47 76 117
48 76 251
49 76 27
50 76 150
51 76 197
52 76 200
53 76 186
54 76 223
55 76 178
56 76 232
57 76 232
58 76 237
59 76 253
60 76 231
61 76 142
62 76 87
63 76 242
64 76 173
65 76 129
66 76 231
67 76 65
68 76 3
69 76 252
70 76 67
71 76 10
72 76 83
73 76 77
74 76 204
75 76 55
76 76 175
77 76 206
78 76 199
79 76 14
80 76 21
81 76 23
82 76 187
83 76 6
84 76 242
85 76 114
86 76 25
87 76 218
88 76 228
89 76 144
90 76 34
91 76 221
92 76 196
93 76 122
94 76 6
95 76 141
96 76 228
97 76 201
98 76 73
99 76 106

0 77 149
1 77 26
2 77 107
3 77 9
4 77 237
5 77 189
6 77 200
7 77 100
8 77 199
9 77 173
10 77 189
11 77 116
12 77 10
13 77 197
14 77 12
15 77 2
16 77 47
17 77 48
18 77 130
19 77 186
20 77 253
21 77 34
22 77 215
23 77 129
24 77 151
25 77 197
26 77 213
27 77 8
28 77 185
29 77 119
30 77 188
31 77 161
32 77 63
33 77 50
34 77 230
35 77 82
36 77 231
37 77 75
38 77 167
39 77 40
40 77 87
41 77 96
42 77 119
43 77 206
44 77 98
45 77 140
46 77 83
47 77 94
48 77 135
49 77 220
50 77 96
51 77 119
52 77 186
53 77 7
54 77 210
55 77 144
56 77 104
57 77 89
58 77 12
59 77 140
60 77 181
61 77 241
62 77 8
63 77 142
64 77 8
65 77 44
66 77 250
67 77 14
68 77 201
69 77 97
70 77 48
71 77 45
72 77 105
73 77 207
74 77 61
75 77 69
76 77 163
77 77 211
78 77 86
79 77 197
80 77 2
81 77 95
82 77 252
83 77 60
84 77 164
85 77 167
86 77 220
87 77 179
88 77 61
89 77 29
90 77 243
91 77 64
92 77 94
93 77 160
94 77 245
95 77 216
96 77 248
97 77 240
98 77 240
99 77 101

0 78 28
1 78 102
2 78 44
3 78 24
4 78 4
5 78 226
6 78 87
7 78 1
8 78 87
9 78 4
10 78 222
11 78 221
12 78 169
13 78 159
14 78 158
15 78 47
16 78 65
17 78 106
18 78 188
19 78 146
20 78 32
21 78 249
22 78 209
23 78 77
24 78 63
25 78 236
26 78 75
27 78 40
28 78 23
29 78 103
30 78 16
31 78 126
32 78 102
33 78 194
34 78 100
35 78 148
36 78 49
37 78 129
38 78 12
39 78 41
40 78 5
41 78 134
42 78 179
43 78 78
44 78 131
45 78 133
46 78 142
47 78 120
48 78 28
49 78 185
50 78 60
51 78 212
52 78 24
53 78 213
54 78 240
55 78 218
56 78 221
57 78 62
58 78 209
59 78 37
60 78 110
61 78 119
62 78 161
63 78 130
64 78 50
65 78 220
66 78 157
67 78 71
68 78 247
69 78 148
70 78 165
71 78 230
72 78 54
73 78 193
74 78 157
75 78 193
76 78 152
77 78 249
78 78 19
79 78 64
80 78 186
81 78 250
82 78 34
83 78 33
84 78 45
85 78 153
86 78 150
87 78 16
88 78 194
89 78 252
90 78 80
91 78 120
92 78 4
93 78 9
94 78 237
95 78 152
96 78 5
97 78 30
98 78 162
99 78 217

0 79 94
1 79 3
2 79 106
3 79 95
4 79 113
5 79 29
6 79 100
7 79 222
8 79 241
9 79 228
10 79 118
11 79 175
12 79 165
13 79 151
14 79 55
15 79 35
16 79 104
17 79 46
18 79 12
19 79 23
20 79 117
21 79 144
22 79 145
23 79 200
24 79 225
25 79 6
26 79 58
27 79 233
28 79 105
29 79 239
30 79 58
31 79 243
32 79 110
33 79 182
34 79 163
35 79 189
36 79 62
37 79 2
38 79 207
39 79 76
40 79 149
41 79 44
42 79 0
43 79 236
44 79 100
45 79 246
46 79 67
47 79 127
48 79 208
49 79 122
50 79 154
51 79 22
52 79 126
53 79 96
54 79 89
55 79 190
56 79 14
57 79 84
58 79 209
59 79 157
60 79 229
61 79 183
62 79 44
63 79 61
64 79 48
65 79 149
66 79 152
67 79 39
68 79 37
69 79 216
70 79 168
71 79 180
72 79 140
73 79 187
74 79 246
75 79 32
76 79 127
77 79 129
78 79 14
79 79 224
80 79 110
81 79 102
82 79 135
83 79 53
84 79 102
85 79 214
86 79 115
87 79 2
88 79 146
89 79 221
90 79 250
91 79 219
92 79 2
93 79 223
94 79 65
95 79 94
96 79 171
97 79 137
98 79 145
99 79 198

0 80 175
1 80 7
2 80 181
3 80 189
4 80 223
5 80 119
6 80 163
7 80 114
8 80 126
9 80 158
10 80 95
11 80 236
12 80 72
13 80 218
14 80 29
15 80 158
16 80 179
17 80 88
18 80 166
19 80 59
20 80 117
21 80 135
22 80 252
23 80 203
24 80 70
25 80 205
26 80 65
27 80 255
28 80 231
29 80 120
30 80 213
31 80 193
32 80 99
33 80 247
34 80 191
35 80 16
36 80 149
37 80 74
38 80 78
39 80 11
40 80 234
41 80 183
42 80 255
43 80 75
44 80 105
45 80 191
46 80 162
47 80 118
48 80 240
49 80 80
50 80 185
51 80 17
52 80 192
53 80 60
54 80 33
55 80 150
56 80 59
57 80 234
58 80 244
59 80 199
60 80 237
61 80 76
62 80 173
63 80 65
64 80 202
65 80 16
66 80 141
67 80 84
68 80 182
69 80 27
70 80 62
71 80 18
72 80 75
73 80 51
74 80 183
75 80 166
76 80 214
77 80 251
78 80 95
79 80 232
80 80 162
81 80 37
82 80 117
83 80 46
84 80 122
85 80 227
86 80 175
87 80 100
88 80 105
89 80 158
90 80 33
91 80 95
92 80 196
93 80 235
94 80 97
95 80 110
96 80 106
97 80 187
98 80 233
99 80 50

0 81 75
1 81 209
2 81 188
3 81 176
4 81 39
5 81 122
6 81 77
7 81 165
8 81 152
9 81 120
10 81 156
11 81 25
12 81 83
13 81 63
14 81 162
15 81 55
16 81 171
17 81 100
18 81 239
19 81 92
20 81 87
21 81 82
22 81 146
23 81 110
24 81 116
25 81 63
26 81 57
27 81 111
28 81 206
29 81 94
30 81 153
31 81 82
32 81 91
33 81 86
34 81 16
35 81 13
36 81 8
37 81 244
38 81 137
39 81 239
40 81 184
41 81 28
42 81 161
43 81 52
44 81 138
45 81 6
46 81 8
47 81 215
48 81 91
49 81 167
50 81 41
51 81 167
52 81 141
53 81 108
54 81 13
55 81 157
56 81 6
57 81 46
58 81 124
59 81 109
60 81 123
61 81 99
62 81 102
63 81 91
64 81 238
65 81 145
66 81 130
67 81 80
68 81 117
69 81 9
70 81 53
71 81 45
72 81 62
73 81 209
74 81 181
75 81 95
76 81 208
77 81 226
78 81 110
79 81 180
80 81 147
81 81 147
82 81 165
83 81 108
84 81 147
85 81 86
86 81 91
87 81 148
88 81 129
89 81 162
90 81 116
91 81 143
92 81 251
93 81 48
94 81 24
95 81 246
96 81 12
97 81 106
98 81 90
99 81 162

0 82 247
1 82 33
2 82 23
3 82 6
4 82 48
5 82 126
6 82 33
7 82 194
8 82 172
9 82 59
10 82 157
11 82 118
12 82 90
13 82 18
14 82 170
15 82 212
16 82 242
17 82 118
18 82 68
19 82 250
20 82 237
21 82 130
22 82 103
23 82 254
24 82 212
25 82 47
26 82 119
27 82 202
28 82 190
29 82 201
30 82 223
31 82 42
32 82 21
33 82 164
34 82 249
35 82 35
36 82 152
37 82 11
38 82 46
39 82 135
40 82 166
41 82 121
42 82 94
43 82 198
44 82 185
45 82 12
46 82 129
47 82 7
48 82 49
49 82 54
50 82 143
51 82 119
52 82 83
53 82 182
54 82 158
55 82 225
56 82 145
57 82 198
58 82 74
59 82 128
60 82 11
61 82 150
62 82 90
63 82 17
64 82 87
65 82 250
66 82 161
67 82 43
68 82 125
69 82 95
70 82 33
71 82 211
72 82 70
73 82 4
74 82 119
75 82 76
76 82 183
77 82 103
78 82 115
79 82 44
80 82 216
81 82 253
82 82 6
83 82 181
84 82 186
85 82 37
86 82 97
87 82 97
88 82 183
89 82 95
90 82 91
91 82 191
92 82 252
93 82 185
94 82 19
95 82 126
96 82 69
97 82 139
98 82 215
99 82 199

0 83 232
1 83 100
2 83 69
3 83 209
4 83 21
5 83 68
6 83 176
7 83 175
8 83 92
9 83 12
10 83 198
11 83 108
12 83 111
13 83 50
14 83 111
15 83 89
16 83 42
17 83 185
18 83 248
19 83 166
20 83 208
21 83 97
22 83 112
23 83 48
24 83 152
25 83 27
26 83 82
27 83 154
28 83 104
29 83 191
30 83 101
31 83 159
32 83 224
33 83 1
34 83 225
35 83 166
36 83 154
37 83 162
38 83 211
39 83 151
40 83 176
41 83 227
42 83 194
43 83 238
44 83 127
45 83 63
46 83 147
47 83 14
48 83 171
49 83 89
50 83 170
51 83 215
52 83 100
53 83 52
54 83 82
55 83 122
56 83 231
57 83 162
58 83 95
59 83 140
60 83 71
61 83 255
62 83 18
63 83 90
64 83 109
65 83 30
66 83 60
67 83 125
68 83 93
69 83 132
70 83 166
71 83 174
72 83 188
73 83 212
74 83 177
75 83 219
76 83 143
77 83 139
78 83 58
79 83 122
80 83 70
81 83 237
82 83 192
83 83 29
84 83 249
85 83 64
86 83 201
87 83 70
88 83 241
89 83 55
90 83 129
91 83 125
92 83 106
93 83 177
94 83 165
95 83 161
96 83 151
97 83 164
98 83 159
99 83 124

0 84 231
1 84 83
2 84 243
3 84 153
4 84 135
5 84 200
6 84 217
7 84 90
8 84 40
9 84 126
10 84 43
11 84 69
12 84 2
13 84 94
14 84 130
15 84 159
16 84 25
17 84 236
18 84 157
19 84 60
20 84 191
21 84 195
22 84 2
23 84 149
24 84 90
25 84 63
26 84 231
27 84 27
28 84 103
29 84 121
30 84 82
31 84 203
32 84 191
33 84 120
34 84 128
35 84 3
36 84 25
37 84 165
38 84 132
39 84 148
40 84 209
41 84 128
42 84 48
43 84 24
44 84 232
45 84 146
46 84 56
47 84 134
48 84 75
49 84 162
50 84 149
51 84 3
52 84 88
53 84 44
54 84 40
55 84 251
56 84 158
57 84 15
58 84 160
59 84 113
60 84 228
61 84 134
62 84 157
63 84 147
64 84 109
65 84 89
66 84 21
67 84 146
68 84 123
69 84 85
70 84 248
71 84 176
72 84 18
73 84 249
74 84 15
75 84 155
76 84 254
77 84 114
78 84 42
79 84 249
80 84 24
81 84 202
82 84 122
83 84 68
84 84 196
85 84 92
86 84 60
87 84 216
88 84 190
89 84 139
90 84 151
91 84 74
92 84 23
93 84 179
94 84 200
95 84 252
96 84 122
97 84 96
98 84 124
99 84 238

0 85 180
1 85 190
2 85 125
3 85 215
4 85 115
5 85 81
6 85 145
7 85 117
8 85 78
9 85 230
10 85 160
11 85 33
12 85 6
13 85 202
14 85 20
15 85 166
16 85 12
17 85 57
18 85 133
19 85 83
20 85 67
21 85 25
22 85 150
23 85 79
24 85 6
25 85 233
26 85 26
27 85 45
28 85 109
29 85 244
30 85 124
31 85 192
32 85 204
33 85 202
34 85 93
35 85 49
36 85 125
37 85 240
38 85 126
39 85 78
40 85 224
41 85 215
42 85 225
43 85 37
44 85 159
45 85 11
46 85 43
47 85 210
48 85 55
49 85 173
50 85 77
51 85 149
52 85 180
53 85 35
54 85 99
55 85 40
56 85 187
57 85 14
58 85 220
59 85 79
60 85 206
61 85 124
62 85 220
63 85 176
64 85 204
65 85 96
66 85 222
67 85 229
68 85 183
69 85 63
70 85 158
71 85 208
72 85 186
73 85 43
74 85 54
75 85 46
76 85 107
77 85 245
78 85 135
79 85 111
80 85 77
81 85 159
82 85 218
83 85 198
84 85 153
85 85 16
86 85 199
87 85 124
88 85 62
89 85 11
90 85 87
91 85 137
92 85 38
93 85 98
94 85 101
95 85 101
96 85 187
97 85 103
98 85 74
99 85 28

0 86 170
1 86 164
2 86 185
3 86 161
4 86 230
5 86 204
6 86 231
7 86 100
8 86 241
9 86 241
10 86 239
11 86 38
12 86 87
13 86 246
14 86 118
15 86 12
16 86 123
17 86 72
18 86 138
19 86 243
20 86 149
21 86 201
22 86 208
23 86 4
24 86 252
25 86 13
26 86 223
27 86 136
28 86 161
29 86 201
30 86 231
31 86 253
32 86 220
33 86 136
34 86 150
35 86 105
36 86 108
37 86 160
38 86 60
39 86 238
40 86 185
41 86 101
42 86 45
43 86 159
44 86 91
45 86 156
46 86 103
47 86 146
48 86 224
49 86 51
50 86 116
51 86 54
52 86 202
53 86 47
54 86 146
55 86 231
56 86 216
57 86 229
58 86 18
59 86 192
60 86 135
61 86 109
62 86 254
63 86 177
64 86 215
65 86 84
66 86 254
67 86 209
68 86 82
69 86 145
70 86 124
71 86 245
72 86 75
73 86 186
74 86 7
75 86 129
76 86 100
77 86 120
78 86 245
79 86 126
80 86 83
81 86 57
82 86 77
83 86 237
84 86 229
85 86 36
86 86 228
87 86 91
88 86 66
89 86 82
90 86 197
91 86 182
92 86 116
93 86 59
94 86 214
95 86 95
96 86 35
97 86 110
98 86 185
99 86 128

0 87 162
1 87 134
2 87 241
3 87 160
4 87 48
5 87 89
6 87 70
7 87 117
8 87 119
9 87 114
10 87 106
11 87 249
12 87 89
13 87 194
14 87 220
15 87 192
16 87 236
17 87 146
18 87 13
19 87 136
20 87 195
21 87 188
22 87 194
23 87 18
24 87 112
25 87 27
26 87 185
27 87 48
28 87 70
29 87 64
30 87 143
31 87 32
32 87 100
33 87 102
34 87 225
35 87 24
36 87 239
37 87 168
38 87 178
39 87 34
40 87 158
41 87 114
42 87 12
43 87 42
44 87 124
45 87 54
46 87 234
47 87 85
48 87 233
49 87 96
50 87 86
51 87 149
52 87 226
53 87 139
54 87 207
55 87 123
56 87 131
57 87 245
58 87 237
59 87 76
60 87 202
61 87 48
62 87 72
63 87 86
64 87 158
65 87 27
66 87 149
67 87 132
68 87 16
69 87 17
70 87 18
71 87 49
72 87 224
73 87 96
74 87 37
75 87 58
76 87 67
77 87 253
78 87 63
79 87 87
80 87 227
81 87 118
82 87 7
83 87 171
84 87 40
85 87 39
86 87 181
87 87 153
88 87 182
89 87 177
90 87 187
91 87 218
92 87 55
93 87 168
94 87 171
95 87 204
96 87 90
97 87 140
98 87 85
99 87 13

0 88 27
1 88 251
2 88 47
3 88 73
4 88 70
5 88 36
6 88 251
7 88 80
8 88 54
9 88 127
10 88 163
11 88 108
12 88 227
13 88 188
14 88 104
15 88 241
16 88 28
17 88 249
18 88 59
19 88 21
20 88 16
21 88 55
22 88 107
23 88 2
24 88 19
25 88 15
26 88 129
27 88 42
28 88 159
29 88 161
30 88 105
31 88 219
32 88 153
33 88 206
34 88 210
35 88 19
36 88 214
37 88 167
38 88 214
39 88 149
40 88 222
41 88 36
42 88 222
43 88 60
44 88 240
45 88 26
46 88 192
47 88 144
48 88 70
49 88 103
50 88 43
51 88 151
52 88 153
53 88 111
54 88 69
55 88 238
56 88 232
57 88 205
58 88 146
59 88 23
60 88 118
61 88 66
62 88 24
63 88 21
64 88 18
65 88 241
66 88 193
67 88 54
68 88 154
69 88 207
70 88 0
71 88 49
72 88 194
73 88 85
74 88 183
75 88 112
76 88 18
77 88 120
78 88 89
79 88 175
80 88 46
81 88 218
82 88 76
83 88 198
84 88 90
85 88 66
86 88 145
87 88 195
88 88 61
89 88 74
90 88 166
91 88 60
92 88 229
93 88 87
94 88 171
95 88 228
96 88 12
97 88 206
98 88 197
99 88 91

0 89 154
1 89 133
2 89 192
3 89 75
4 89 107
5 89 120
6 89 248
7 89 176
8 89 81
9 89 190
10 89 121
11 89 119
12 89 93
13 89 187
14 89 101
15 89 75
16 89 90
17 89 150
18 89 150
19 89 172
20 89 155
21 89 237
22 89 133
23 89 65
24 89 247
25 89 200
26 89 106
27 89 111
28 89 17
29 89 204
30 89 165
31 89 42
32 89 221
33 89 178
34 89 93
35 89 11
36 89 95
37 89 247
38 89 103
39 89 163
40 89 182
41 89 212
42 89 105
43 89 16
44 89 90
45 89 112
46 89 63
47 89 205
48 89 162
49 89 85
50 89 157
51 89 207
52 89 137
53 89 32
54 89 246
55 89 205
56 89 177
57 89 125
58 89 157
59 89 223
60 89 168
61 89 83
62 89 43
63 89 74
64 89 107
65 89 60
66 89 32
67 89 154
68 89 40
69 89 56
70 89 205
71 89 242
72 89 72
73 89 162
74 89 113
75 89 161
76 89 173
77 89 99
78 89 162
79 89 245
80 89 56
81 89 101
82 89 238
83 89 84
84 89 143
85 89 75
86 89 195
87 89 136
88 89 29
89 89 95
90 89 140
91 89 91
92 89 90
93 89 203
94 89 29
95 89 100
96 89 76
97 89 13
98 89 81
99 89 32

0 90 78
1 90 165
2 90 241
3 90 69
4 90 16
5 90 16
6 90 216
7 90 82
8 90 223
9 90 250
10 90 85
11 90 107
12 90 38
13 90 176
14 90 209
15 90 100
16 90 53
17 90 212
18 90 178
19 90 28
20 90 66
21 90 84
22 90 127
23 90 12
24 90 173
25 90 156
26 90 68
27 90 31
28 90 137
29 90 11
30 90 56
31 90 196
32 90 87
33 90 164
34 90 157
35 90 66
36 90 20
37 90 7
38 90 232
39 90 77
40 90 119
41 90 159
42 90 34
43 90 214
44 90 116
45 90 28
46 90 142
47 90 39
48 90 4
49 90 36
50 90 140
51 90 46
52 90 40
53 90 69
54 90 189
55 90 25
56 90 43
57 90 47
58 90 104
59 90 36
60 90 40
61 90 32
62 90 28
63 90 175
64 90 205
65 90 159
66 90 151
67 90 148
68 90 94
69 90 109
70 90 231
71 90 183
72 90 253
73 90 185
74 90 207
75 90 223
76 90 40
77 90 147
78 90 108
79 90 196
80 90 131
81 90 163
82 90 24
83 90 105
84 90 216
85 90 27
86 90 143
87 90 171
88 90 92
89 90 234
90 90 81
91 90 26
92 90 52
93 90 51
94 90 71
95 90 9
96 90 55
97 90 253
98 90 168
99 90 225

0 91 246
1 91 44
2 91 30
3 91 187
4 91 249
5 91 176
6 91 37
7 91 45
8 91 76
9 91 252
10 91 180
11 91 99
12 91 59
13 91 185
14 91 32
15 91 114
16 91 89
17 91 188
18 91 61
19 91 234
20 91 199
21 91 54
22 91 198
23 91 170
24 91 178
25 91 43
26 91 255
27 91 249
28 91 30
29 91 38
30 91 152
31 91 210
32 91 226
33 91 42
34 91 213
35 91 126
36 91 244
37 91 235
38 91 236
39 91 105
40 91 231
41 91 62
42 91 175
43 91 46
44 91 178
45 91 207
46 91 106
47 91 244
48 91 179
49 91 18
50 91 15
51 91 253
52 91 244
53 91 124
54 91 144
55 91 124
56 91 172
57 91 242
58 91 141
59 91 167
60 91 9
61 91 130
62 91 47
63 91 14
64 91 44
65 91 81
66 91 84
67 91 43
68 91 118
69 91 212
70 91 236
71 91 58
72 91 2
73 91 67
74 91 162
75 91 75
76 91 114
77 91 75
78 91 192
79 91 149
80 91 239
81 91 4
82 91 76
83 91 13
84 91 107
85 91 34
86 91 119
87 91 55
88 91 41
89 91 111
90 91 57
91 91 60
92 91 128
93 91 121
94 91 53
95 91 62
96 91 220
97 91 135
98 91 226
99 91 232

0 92 5
1 92 210
2 92 236
3 92 73
4 92 164
5 92 242
6 92 216
7 92 226
8 92 3
9 92 151
10 92 232
11 92 253
12 92 20
13 92 121
14 92 62
15 92 65
16 92 181
17 92 146
18 92 67
19 92 132
20 92 50
21 92 138
22 92 74
23 92 224
24 92 11
25 92 115
26 92 113
27 92 9
28 92 248
29 92 182
30 92 200
31 92 221
32 92 43
33 92 77
34 92 182
35 92 61
36 92 213
37 92 51
38 92 152
39 92 28
40 92 235
41 92 25
42 92 170
43 92 213
44 92 42
45 92 91
46 92 43
47 92 194
48 92 89
49 92 50
50 92 188
51 92 10
52 92 206
53 92 43
54 92 10
55 92 186
56 92 51
57 92 216
58 92 172
59 92 24
60 92 138
61 92 197
62 92 79
63 92 52
64 92 111
65 92 173
66 92 16
67 92 191
68 92 157
69 92 238
70 92 41
71 92 32
72 92 180
73 92 59
74 92 208
75 92 197
76 92 58
77 92 145
78 92 92
79 92 183
80 92 223
81 92 108
82 92 170
83 92 114
84 92 5
85 92 58
86 92 191
87 92 243
88 92 127
89 92 16
90 92 174
91 92 18
92 92 153
93 92 156
94 92 188
95 92 18
96 92 89
97 92 91
98 92 195
99 92 119

0 93 5
1 93 11
2 93 212
3 93 23
4 93 229
5 93 100
6 93 32
7 93 116
8 93 74
9 93 3
10 93 25
11 93 73
12 93 208
13 93 167
14 93 212
15 93 99
16 93 223
17 93 159
18 93 178
19 93 178
20 93 120
21 93 131
22 93 63
23 93 160
24 93 46
25 93 35
26 93 90
27 93 161
28 93 114
29 93 189
30 93 151
31 93 12
32 93 20
33 93 115
34 93 225
35 93 41
36 93 7
37 93 251
38 93 100
39 93 139
40 93 101
41 93 153
42 93 170
43 93 160
44 93 178
45 93 74
46 93 3
47 93 134
48 93 101
49 93 66
50 93 43
51 93 32
52 93 164
53 93 153
54 93 39
55 93 106
56 93 80
57 93 66
58 93 112
59 93 9
60 93 65
61 93 60
62 93 83
63 93 39
64 93 211
65 93 12
66 93 152
67 93 125
68 93 161
69 93 106
70 93 98
71 93 177
72 93 144
73 93 59
74 93 86
75 93 227
76 93 16
77 93 191
78 93 255
79 93 131
80 93 158
81 93 12
82 93 113
83 93 101
84 93 141
85 93 187
86 93 45
87 93 23
88 93 7
89 93 225
90 93 69
91 93 114
92 93 79
93 93 65
94 93 193
95 93 111
96 93 72
97 93 191
98 93 64
99 93 60

0 94 59
1 94 24
2 94 227
3 94 143
4 94 213
5 94 209
6 94 102
7 94 59
8 94 111
9 94 109
10 94 144
11 94 1
12 94 147
13 94 227
14 94 206
15 94 168
16 94 187
17 94 79
18 94 27
19 94 79
20 94 91
21 94 232
22 94 34
23 94 3
24 94 34
25 94 50
26 94 167
27 94 141
28 94 125
29 94 117
30 94 35
31 94 141
32 94 94
33 94 109
34 94 174
35 94 205
36 94 59
37 94 67
38 94 34
39 94 207
40 94 89
41 94 188
42 94 126
43 94 168
44 94 74
45 94 177
46 94 136
47 94 17
48 94 181
49 94 191
50 94 183
51 94 188
52 94 85
53 94 63
54 94 79
55 94 228
56 94 68
57 94 120
58 94 206
59 94 40
60 94 122
61 94 20
62 94 135
63 94 153
64 94 144
65 94 209
66 94 141
67 94 18
68 94 202
69 94 121
70 94 210
71 94 200
72 94 85
73 94 20
74 94 144
75 94 33
76 94 205
77 94 92
78 94 232
79 94 202
80 94 3
81 94 113
82 94 202
83 94 4
84 94 252
85 94 206
86 94 20
87 94 62
88 94 61
89 94 124
90 94 254
91 94 233
92 94 69
93 94 133
94 94 181
95 94 136
96 94 92
97 94 172
98 94 70
99 94 6

0 95 139
1 95 91
2 95 190
3 95 77
4 95 236
5 95 221
6 95 143
7 95 20
8 95 36
9 95 205
10 95 54
11 95 248
12 95 45
13 95 207
14 95 27
15 95 207
16 95 89
17 95 126
18 95 185
19 95 57
20 95 147
21 95 165
22 95 254
23 95 119
24 95 232
25 95 177
26 95 245
27 95 129
28 95 71
29 95 102
30 95 162
31 95 82
32 95 133
33 95 210
34 95 46
35 95 135
36 95 164
37 95 127
38 95 68
39 95 40
40 95 85
41 95 237
42 95 186
43 95 198
44 95 187
45 95 63
46 95 116
47 95 198
48 95 114
49 95 53
50 95 133
51 95 252
52 95 208
53 95 90
54 95 152
55 95 124
56 95 107
57 95 127
58 95 143
59 95 172
60 95 219
61 95 103
62 95 105
63 95 158
64 95 193
65 95 196
66 95 105
67 95 157
68 95 8
69 95 98
70 95 116
71 95 6
72 95 106
73 95 163
74 95 188
75 95 90
76 95 54
77 95 43
78 95 155
79 95 144
80 95 81
81 95 220
82 95 193
83 95 176
84 95 123
85 95 5
86 95 146
87 95 157
88 95 212
89 95 214
90 95 202
91 95 50
92 95 159
93 95 24
94 95 99
95 95 145
96 95 69
97 95 27
98 95 184
99 95 184

0 96 157
1 96 239
2 96 234
3 96 86
4 96 106
5 96 214
6 96 131
7 96 220
8 96 38
9 96 250
10 96 89
11 96 214
12 96 254
13 96 92
14 96 182
15 96 124
16 96 29
17 96 13
18 96 181
19 96 132
20 96 45
21 96 160
22 96 239
23 96 59
24 96 27
25 96 223
26 96 87
27 96 212
28 96 27
29 96 189
30 96 99
31 96 0
32 96 237
33 96 140
34 96 109
35 96 191
36 96 94
37 96 112
38 96 88
39 96 117
40 96 17
41 96 20
42 96 118
43 96 64
44 96 127
45 96 155
46 96 169
47 96 137
48 96 61
49 96 218
50 96 201
51 96 217
52 96 126
53 96 196
54 96 70
55 96 238
56 96 216
57 96 37
58 96 15
59 96 15
60 96 75
61 96 148
62 96 178
63 96 156
64 96 127
65 96 162
66 96 196
67 96 233
68 96 77
69 96 88
70 96 131
71 96 76
72 96 129
73 96 225
74 96 186
75 96 117
76 96 222
77 96 131
78 96 229
79 96 254
80 96 99
81 96 212
82 96 150
83 96 67
84 96 205
85 96 42
86 96 23
87 96 116
88 96 93
89 96 83
90 96 81
91 96 233
92 96 219
93 96 134
94 96 236
95 96 181
96 96 219
97 96 154
98 96 184
99 96 125

0 97 63
1 97 118
2 97 76
3 97 139
4 97 253
5 97 201
6 97 237
7 97 30
8 97 35
9 97 251
10 97 177
11 97 4
12 97 24
13 97 99
14 97 227
15 97 107
16 97 36
17 97 186
18 97 170
19 97 245
20 97 50
21 97 207
22 97 230
23 97 10
24 97 213
25 97 125
26 97 91
27 97 114
28 97 138
29 97 218
30 97 17
31 97 35
32 97 61
33 97 178
34 97 250
35 97 87
36 97 14
37 97 52
38 97 214
39 97 226
40 97 84
41 97 234
42 97 84
43 97 195
44 97 226
45 97 239
46 97 122
47 97 249
48 97 138
49 97 92
50 97 70
51 97 152
52 97 224
53 97 3
54 97 150
55 97 27
56 97 64
57 97 96
58 97 69
59 97 252
60 97 19
61 97 204
62 97 151
63 97 130
64 97 77
65 97 244
66 97 215
67 97 219
68 97 58
69 97 138
70 97 62
71 97 106
72 97 123
73 97 58
74 97 23
75 97 98
76 97 76
77 97 224
78 97 33
79 97 148
80 97 8
81 97 248
82 97 53
83 97 133
84 97 238
85 97 85
86 97 40
87 97 196
88 97 37
89 97 23
90 97 243
91 97 122
92 97 254
93 97 215
94 97 17
95 97 67
96 97 122
97 97 36
98 97 41
99 97 60

0 98 12
1 98 51
2 98 237
3 98 94
4 98 159
5 98 210
6 98 66
7 98 10
8 98 219
9 98 158
10 98 161
11 98 228
12 98 164
13 98 118
14 98 189
15 98 229
16 98 228
17 98 47
18 98 102
19 98 172
20 98 139
21 98 137
22 98 173
23 98 21
24 98 212
25 98 98
26 98 73
27 98 13
28 98 201
29 98 42
30 98 57
31 98 165
32 98 9
33 98 151
34 98 171
35 98 101
36 98 201
37 98 154
38 98 29
39 98 226
40 98 25
41 98 145
42 98 194
43 98 146
44 98 104
45 98 190
46 98 39
47 98 224
48 98 75
49 98 248
50 98 22
51 98 124
52 98 122
53 98 160
54 98 187
55 98 245
56 98 27
57 98 215
58 98 5
59 98 137
60 98 68
61 98 238
62 98 79
63 98 60
64 98 187
65 98 30
66 98 64
67 98 39
68 98 0
69 98 122
70 98 239
71 98 19
72 98 141
73 98 33
74 98 75
75 98 70
76 98 92
77 98 184
78 98 187
79 98 157
80 98 170
81 98 24
82 98 1
83 98 219
84 98 251
85 98 67
86 98 100
87 98 65
88 98 94
89 98 157
90 98 14
91 98 95
92 98 242
93 98 89
94 98 179
95 98 41
96 98 169
97 98 49
98 98 115
99 98 77

0 99 76
1 99 90
2 99 2
3 99 196
4 99 191
5 99 183
6 99 6
7 99 167
8 99 135
9 99 77
10 99 192
11 99 69
12 99 137
13 99 247
14 99 239
15 99 114
16 99 20
17 99 90
18 99 241
19 99 34
20 99 34
21 99 28
22 99 44
23 99 54
24 99 219
25 99 81
26 99 172
27 99 149
28 99 91
29 99 54
30 99 13
31 99 127
32 99 181
33 99 34
34 99 156
35 99 30
36 99 56
37 99 185
38 99 185
39 99 94
40 99 241
41 99 99
42 99 128
43 99 255
44 99 112
45 99 253
46 99 168
47 99 233
48 99 207
49 99 206
50 99 170
51 99 191
52 99 241
53 99 188
54 99 38
55 99 182
56 99 8
57 99 191
58 99 131
59 99 168
60 99 90
61 99 151
62 99 215
63 99 100
64 99 68
65 99 186
66 99 6
67 99 73
68 99 127
69 99 145
70 99 45
71 99 19
72 99 162
73 99 227
74 99 65
75 99 244
76 99 232
77 99 146
78 99 243
79 99 231
80 99 52
81 99 133
82 99 215
83 99 65
84 99 82
85 99 229
86 99 198
87 99 136
88 99 128
89 99 140
90 99 129
91 99 137
92 99 45
93 99 186
94 99 150
95 99 165
96 99 0
97 99 10
98 99 136
99 99 108

